r = 3.5
drawR = r * 1.04
O = (0, 0, 0)
globe = Sphere(O, r)
latStep = 15
lonStep = 15
latMax = 75
latitudeCoords = Sequence(Sequence((lambda, phi), lambda, -180, 180, 10), phi, -latMax, latMax, latStep)
longitudeCoords = Sequence(Sequence((lambda, phi), phi, -90, 90, 10), lambda, -180, 165, lonStep)
latitudeLines = Zip(Polyline(Zip(GeoPoint(C, drawR), C, coords)), coords, latitudeCoords)
longitudeLines = Zip(Polyline(Zip(GeoPoint(C, drawR), C, coords)), coords, longitudeCoords)
equator = Polyline(Zip(GeoPoint(C, drawR), C, Sequence((lambda, 0), lambda, -180, 180, 5)))
primeMeridian = Polyline(Zip(GeoPoint(C, drawR), C, Sequence((0, phi), phi, -90, 90, 5)))
dateMeridian = Polyline(Zip(GeoPoint(C, drawR), C, Sequence((180, phi), phi, -90, 90, 5)))
northPole = (0, 0, r)
southPole = (0, 0, -r)
P = Point(globe)
Q = Point(globe)
Pdraw = (drawR / r) * P
Qdraw = (drawR / r) * Q
theta = Angle(P, O, Q)
greatCirclePath = CircularArc(O, Pdraw, Qdraw)
d_{PQ} = r * theta
routeLabel = Text("球面最短路徑長度  d_{PQ} = " + d_{PQ}, (-(r + 1.2), -(r + 1.1), r + 0.2))
northAxis = Segment(O, (0, 0, r + 0.8))
southAxis = Segment(O, (0, 0, -r - 0.8))
coastCoords = {{(180, 68.9834), (170.161, 69.6266), (170.538, 68.8254), (166.82, 69.4996), (161.566, 68.9052), (160.911, 69.6063), (159.912, 70.5061), (152.509, 70.8345), (150.668, 71.4552), (150.017, 71.8957), (145.189, 71.6958), (145.759, 72.2259), (146.832, 72.2954), (144.169, 72.2588), (141.079, 72.5869), (139.359, 71.9514), (137.918, 71.3841), (137.94, 71.1334), (132.654, 71.926), (128.843, 71.6635), (129.21, 71.9169), (129.284, 72.092), (129.25, 72.7052), (124.541, 73.7513), (123.622, 73.1933), (118.43, 73.2465), (114.061, 73.5847), (113.886, 73.3458), (113.128, 72.8307), (112.147, 73.7089), (110.261, 74.0174), (110.868, 73.7307), (112.925, 75.015), (113.486, 75.564), (106.414, 76.5123), (104.202, 77.1018), (100.906, 76.9007), (98.8057, 76.4807), (99.5407, 75.7986), (96.4971, 75.8912), (94.1563, 75.9592), (85.791, 74.6451), (86.0014, 74.316), (86.6771, 73.1068), (80.5832, 73.5685), (80.8416, 72.9492), (83.1513, 71.1036), (82.6823, 70.2177), (82.2212, 70.3957), (82.3229, 71.26), (78.4826, 72.395), (76.0324, 71.9104), (75.7336, 71.2659), (75.5032, 71.6546), (75.6035, 72.5811), (73.0862, 71.4449), (73.5781, 69.803), (77.6507, 68.903), (77.5883, 67.7519), (77.2385, 68.4696), (75.1246, 68.8617), (72.0676, 66.2533), (71.5396, 66.6831), (73.0668, 67.7669), (72.7045, 70.9632), (72.8121, 72.6914), (68.2692, 71.6828), (66.7022, 70.8185), (67.6241, 69.5844), (68.5042, 68.3484), (60.1706, 69.5909), (59.896, 68.7063), (59.3705, 68.7384), (55.4181, 68.5678), (53.2605, 68.2675), (54.4912, 68.9923), (52.7227, 68.484), (48.7543, 67.8959), (47.8747, 67.5842), (44.9021, 67.4131), (43.3332, 68.6734), (43.7824, 67.2545), (42.2105, 66.5197), (39.758, 64.5771), (38.0622, 64.091), (35.0354, 64.4402), (31.8953, 67.1614), (41.3588, 67.2097), (33.6844, 69.3103), (33.4543, 69.4282), (33.0078, 69.7221), (29.6946, 69.7446), (30.9606, 70.3438), (28.2718, 70.668), (28.1417, 71.043), (26.5851, 70.41), (26.5069, 70.9128), (24.658, 71.001), (21.3558, 70.2334), (20.6221, 69.9139), (20.3242, 69.9453), (19.1973, 69.7479), (18.2598, 69.4706), (16.5144, 68.5326), (16.3123, 67.8814), (15.6915, 67.5214), (14.4417, 67.2714), (13.6516, 66.9071), (13.1188, 66.2307), (13.0331, 65.9562), (12.9155, 65.3393), (11.6329, 64.8139), (11.4576, 64.003), (8.3607, 63.4989), (8.158, 63.1615), (6.735, 62.7207), (6.1361, 62.4075), (5.1432, 62.1599), (5.3387, 61.4855), (7.1735, 61.166), (7.0387, 60.9529), (5.1158, 60.636), (5.6886, 60.1232), (6.1533, 60.3462), (5.7305, 59.8631), (5.1732, 59.1625), (6.3633, 59.0009), (6.7314, 58.0683), (9.5572, 59.1127), (10.8345, 59.1839), (11.2482, 58.3691), (12.4712, 56.2905), (12.8858, 55.4114), (15.8267, 56.125), (16.9238, 58.4926), (18.2854, 59.1094), (18.9705, 59.7572), (17.1308, 61.5757), (20.7627, 63.8678), (21.1382, 64.8087), (22.401, 65.8621), (25.3727, 65.0095), (22.3197, 63.3104), (21.606, 61.5916), (22.4627, 60.0292), (23.0213, 59.816), (26.5347, 60.4129), (30.1568, 59.9043), (25.5093, 59.639), (24.5291, 58.3542), (23.6478, 56.971), (21.0314, 56.6366), (21.1148, 55.6165), (18.0856, 54.8358), (14.5835, 53.6394), (10.8546, 54.0098), (10.0222, 54.6739), (9.5911, 55.4932), (10.61, 57.7369), (9.1104, 57.0437), (8.164, 56.6069), (8.9572, 54.5383), (8.6189, 53.875), (7.2064, 53.6545), (5.532, 53.2687), (4.2741, 51.4716), (1.7677, 50.9357), (0.4169, 49.4484), (-1.2586, 49.6802), (-2.6923, 48.5368), (-4.2414, 48.3037), (-4.3121, 47.8229), (-2.0925, 46.865), (-0.5485, 45.0006), (-1.9913, 43.3451), (-9.1781, 43.174), (-9.4797, 38.7988), (-8.6683, 38.4243), (-8.9978, 37.0323), (-6.3841, 36.637), (-2.1115, 36.7767), (-0.5208, 38.3173), (-0.327, 39.5199), (3.248, 41.9442), (4.0526, 43.5931), (10.1881, 43.9475), (11.1412, 42.3899), (15.6458, 38.0342), (17.1746, 38.9981), (16.5219, 39.7476), (18.3438, 39.8214), (16.1646, 41.8962), (12.3963, 44.2239), (12.5234, 44.968), (13.7833, 45.6272), (14.5505, 45.2977), (15.1858, 44.1721), (17.7236, 42.8507), (19.3223, 40.4071), (20.7686, 38.8744), (22.4217, 38.4385), (21.8247, 38.3281), (21.7381, 36.8632), (22.4895, 36.4469), (22.7254, 37.5421), (24.0623, 37.7745), (23.0667, 39.0379), (23.3277, 39.1749), (22.9223, 40.5909), (23.9471, 39.9656), (23.7628, 40.7478), (26.7921, 40.6266), (28.9563, 41.0082), (27.4848, 42.4681), (28.5618, 43.5013), (29.6284, 45.7225), (31.8729, 46.6498), (32.578, 46.6156), (32.0085, 46.43), (32.508, 45.4038), (33.91, 44.3876), (36.3934, 45.0654), (35.0229, 45.701), (35.0146, 46.106), (39.2707, 47.0441), (37.7665, 46.6361), (37.6472, 45.3772), (41.4194, 42.7376), (38.3811, 40.9245), (35.0064, 42.0633), (29.1481, 41.221), (28.7879, 40.534), (26.7381, 40.4002), (26.8992, 39.5497), (26.7637, 38.7096), (26.4413, 38.6412), (27.2324, 37.9787), (27.263, 36.9766), (28.9696, 36.7153), (30.4461, 36.2699), (32.7948, 36.0359), (35.3932, 36.5752), (35.9779, 34.5474), (33.6665, 31.1304), (32.136, 31.3411), (29.0721, 30.8303), (24.8785, 31.9843), (23.0906, 32.6187), (20.0132, 30.8007), (15.706, 31.4264), (13.2835, 32.9146), (10.0648, 34.2116), (11.1267, 36.8741), (10.1964, 37.2059), (7.9104, 36.8563), (3.779, 36.8962), (-2.8399, 35.1278), (-4.6283, 35.2064), (-6.901, 33.969), (-9.8087, 31.4246), (-11.5527, 28.3101), (-13.5758, 26.7351), (-15.8993, 23.8444), (-16.8761, 21.0861), (-16.085, 18.5212), (-16.5708, 15.7344), (-16.4405, 13.3532), (-16.768, 12.6284), (-16.7849, 12.4725), (-15.5002, 11.7784), (-15.3931, 11.2172), (-13.0595, 8.8812), (-12.8941, 8.6298), (-12.4856, 7.3863), (-5.0618, 5.1307), (-3.3476, 5.1307), (-3.2464, 5.1141), (3.717, 6.5979), (5.4566, 5.6117), (5.5497, 5.4742), (6.8604, 4.3733), (7.0766, 4.7162), (8.2527, 4.924), (9.6889, 4.0564), (9.618, 0.5765), (9.3549, 0.3436), (8.7031, -0.591), (9.6246, -2.3671), (13.0682, -5.8648), (12.9985, -9.048), (13.6855, -12.1238), (11.7759, -18.0018), (15.2876, -27.275), (18.2108, -31.7425), (18.433, -33.7173), (18.8313, -34.3641), (25.5742, -34.0354), (29.9712, -31.3221), (32.9549, -26.0836), (32.7922, -25.6443), (35.4381, -24.1712), (35.3157, -22.3969), (36.4037, -18.7697), (40.559, -15.4734), (40.4368, -12.9831), (39.304, -8.4438), (39.2281, -4.6655), (43.7176, 0.8579), (47.9753, 4.497), (51.3902, 10.4226), (50.7923, 11.9837), (47.405, 11.174), (43.1617, 11.566), (43.3535, 12.367), (39.7855, 15.1249), (38.574, 18.0729), (36.8704, 22.0158), (35.7839, 23.9378), (33.5471, 27.8981), (33.2478, 28.5677), (34.625, 28.0645), (38.4642, 23.7119), (39.2761, 20.974), (42.2939, 17.435), (43.2319, 13.2671), (48.6684, 14.0501), (52.2175, 15.6555), (55.4791, 17.8433), (57.8116, 19.0171), (58.1694, 20.5895), (58.773, 23.5172), (56.4131, 26.3512), (51.3099, 24.3404), (51.2623, 26.1533), (50.0811, 25.9614), (48.0515, 29.3554), (48.1435, 29.5725), (49.002, 30.5065), (51.5891, 27.8642), (57.3346, 25.7916), (61.4122, 25.1021), (66.4286, 25.5753), (68.235, 23.597), (68.8171, 23.0537), (70.4893, 23.0895), (70.4851, 20.8402), (72.1828, 22.2697), (72.5431, 21.6966), (72.8937, 20.6728), (72.803, 19.0793), (76.5534, 8.9028), (78.0602, 8.3846), (78.9399, 9.5658), (79.6932, 11.3125), (80.0621, 13.6062), (80.2935, 15.7107), (82.2588, 16.5599), (85.4416, 19.6266), (86.2162, 19.8958), (87.9484, 21.8254), (88.1221, 21.6358), (88.745, 21.5844), (89.0515, 22.0932), (89.5686, 21.7674), (90.6161, 22.3622), (90.2691, 23.4559), (91.4801, 22.8848), (92.8283, 20.1776), (93.707, 19.9122), (93.4931, 19.3695), (94.589, 17.5693), (94.6615, 15.9044), (95.177, 15.8257), (96.3243, 16.4444), (96.7654, 16.7104), (97.726, 16.5686), (98.576, 13.1619), (98.4649, 10.6758), (98.3055, 8.2262), (100.119, 6.442), (103.48, 1.3295), (103.439, 2.9331), (100.424, 7.1878), (99.2539, 9.2652), (100.017, 13.3532), (101.724, 12.6894), (103.532, 11.1467), (104.262, 10.5413), (105.114, 8.6292), (106.573, 9.6411), (106.596, 9.8599), (107.007, 10.6605), (109.219, 12.6458), (106.371, 17.7469), (105.622, 18.9663), (108.594, 21.901), (109.931, 21.4806), (109.939, 20.2951), (110.154, 20.9446), (113.52, 23.1021), (116.471, 22.9459), (117.368, 23.5886), (118.657, 24.6214), (119.623, 25.3912), (119.881, 26.3342), (120.087, 26.6716), (121.448, 29.1313), (121.506, 29.4846), (121.258, 30.3041), (120.716, 31.9837), (121.856, 31.8165), (119.165, 34.8488), (120.183, 36.2024), (122.341, 36.8322), (119.287, 37.1383), (118.94, 38.0428), (118.977, 39.1826), (122.264, 40.5002), (121.164, 38.7316), (124.638, 39.6151), (125.555, 38.6862), (124.989, 37.9314), (126.634, 37.7818), (126.16, 36.7719), (126.291, 35.1542), (127.325, 34.4633), (129.214, 35.1818), (128.329, 38.6809), (129.709, 40.8573), (132.31, 43.3135), (133.16, 42.697), (140.625, 50.0824), (140.84, 53.0879), (139.796, 54.2564), (138.25, 53.524), (137.835, 53.9467), (136.719, 53.8041), (135.852, 54.5839), (145.555, 59.4135), (148.727, 59.2579), (149.643, 59.7704), (151.121, 59.0825), (154.15, 59.5285), (160.309, 61.8944), (160.379, 61.0255), (163.085, 61.5706), (164.207, 62.2922), (158.275, 58.009), (156.849, 57.2902), (156.748, 50.9693), (158.472, 53.0324), (159.844, 53.7836), (161.724, 55.4961), (163.038, 56.5219), (163.335, 56.2325), (163.226, 57.7904), (161.96, 58.0769), (164.44, 60.0727), (166.273, 59.8563), (168.463, 60.5922), (170.608, 60.4349), (177.024, 62.7772), (179.571, 62.7735), (178.23, 64.3644), (176.141, 64.5858), (174.549, 64.6839), (176.341, 65.0473), (180, 65.0672)}, {(-136.444, 68.8951), (-151.769, 70.5602), (-152.3, 70.8468), (-155.974, 70.842), (-157.909, 70.8601), (-159.387, 70.5245), (-160.117, 70.5912), (-163.536, 69.1701), (-166.786, 68.3596), (-163.532, 67.1026), (-160.232, 66.4203), (-162.607, 66.8944), (-164.034, 66.2155), (-164.46, 66.5884), (-166.928, 65.1571), (-163.204, 64.652), (-161.759, 64.8163), (-160.988, 64.2513), (-163.288, 63.0464), (-164.758, 62.4967), (-166.168, 61.6508), (-165.115, 60.9328), (-163.421, 60.7574), (-164.805, 60.892), (-162.571, 59.9897), (-162.421, 60.284), (-161.644, 59.1097), (-160.363, 59.0512), (-158.081, 58.9774), (-156.809, 59.1343), (-157.194, 58.1942), (-160.302, 56.3141), (-161.697, 55.9072), (-162.63, 55.2467), (-161.517, 55.6184), (-158.414, 56.4358), (-153.438, 58.7548), (-152.66, 59.9972), (-149.329, 61.4974), (-150.441, 61.0236), (-151.047, 59.7718), (-150.935, 59.2491), (-147.964, 60.4849), (-148.556, 60.827), (-147.991, 60.9483), (-146.571, 60.7291), (-144.691, 60.6691), (-141.409, 60.1177), (-139.431, 60.0123), (-139.512, 59.9536), (-136.061, 58.4527), (-136.226, 58.7655), (-136.043, 58.8216), (-135.364, 59.4194), (-133.877, 58.5182), (-133.194, 57.8777), (-133.649, 57.6423), (-132.119, 55.5698), (-130.748, 55.318), (-130.037, 55.2979), (-129.795, 55.5596), (-129.626, 54.2303), (-129.564, 53.2515), (-128.675, 53.5546), (-129.172, 53.5336), (-128.053, 52.9107), (-128.358, 52.1589), (-127.194, 52.4577), (-127.795, 52.191), (-127.669, 51.4776), (-127.708, 51.1512), (-126.514, 50.6794), (-126.448, 50.5877), (-124.86, 50.8724), (-124.142, 49.7927), (-123.582, 49.6812), (-123.948, 49.5347), (-123.277, 49.3439), (-122.545, 48.7623), (-122.242, 48.0107), (-122.578, 47.2932), (-122.657, 47.8812), (-124.139, 46.9547), (-124.112, 46.8627), (-123.221, 46.1536), (-124.54, 42.8129), (-124.356, 40.3711), (-122.999, 37.9886), (-122.07, 37.4783), (-121.807, 36.8512), (-120.659, 35.1224), (-117.467, 33.2955), (-114.266, 27.9345), (-114.993, 27.736), (-112.377, 26.2139), (-110.006, 22.894), (-110.367, 24.1005), (-111.57, 26.7076), (-114.55, 30.0223), (-113.058, 30.651), (-109.276, 26.5339), (-109.029, 25.4805), (-107.951, 24.6149), (-105.792, 22.6275), (-105.511, 20.8087), (-105.482, 19.9761), (-100.848, 17.2005), (-94.7994, 16.2097), (-94.3742, 16.2848), (-87.4891, 13.3529), (-85.7452, 11.0886), (-85.0771, 9.602), (-83.7369, 9.1503), (-83.2858, 8.6644), (-82.6795, 8.322), (-81.0639, 7.8998), (-80.459, 8.2139), (-78.1419, 8.3861), (-77.3688, 6.5756), (-77.2863, 4.7217), (-77.8136, 2.7164), (-78.5769, 1.7738), (-80.0883, 0.7848), (-80.2824, -0.6205), (-80.2847, -2.7067), (-79.9256, -2.5485), (-81.3366, -4.6695), (-79.995, -6.7689), (-77.6332, -11.2878), (-75.9339, -14.6336), (-70.3616, -18.398), (-70.3923, -23.5659), (-71.5192, -28.9265), (-71.4522, -32.6596), (-73.6624, -37.341), (-73.9659, -41.1183), (-72.8241, -41.9088), (-72.758, -43.0395), (-73.4049, -45.1023), (-73.7308, -45.48), (-74.393, -46.2174), (-74.1579, -45.7672), (-74.9245, -46.1597), (-75.5403, -46.6987), (-74.3136, -46.7882), (-74.1341, -47.5908), (-74.2271, -47.9689), (-74.5847, -47.999), (-74.341, -48.5957), (-73.935, -49.0209), (-74.2908, -49.6041), (-73.9503, -50.5105), (-73.6544, -50.4927), (-74.6445, -50.3609), (-74.8147, -51.0629), (-73.5182, -52.041), (-73.1688, -51.4539), (-72.714, -52.3567), (-74.0145, -52.6394), (-73.1225, -53.0739), (-71.5113, -52.6054), (-72.5489, -53.4607), (-71.9417, -53.2341), (-71.0828, -53.825), (-68.3937, -52.307), (-69.0583, -51.5472), (-68.9796, -50.003), (-68.2572, -50.1046), (-65.8101, -47.9411), (-65.8537, -47.1567), (-67.5996, -46.0525), (-65.2523, -43.5719), (-63.6173, -42.6958), (-64.9864, -42.1021), (-63.6218, -41.1598), (-62.3348, -38.8001), (-57.547, -38.0856), (-56.7174, -36.3891), (-58.5255, -34.2962), (-57.8291, -34.4773), (-52.6522, -33.1378), (-51.2831, -30.7516), (-51.2722, -31.477), (-50.9214, -31.2584), (-48.7997, -28.5753), (-48.4012, -25.5974), (-46.8673, -24.2363), (-44.6373, -23.0555), (-43.1543, -22.7252), (-41.0003, -21.999), (-39.6508, -18.2523), (-38.8518, -12.7901), (-35.5971, -9.5406), (-35.2354, -5.5667), (-39.9647, -2.8615), (-43.3801, -2.3761), (-44.723, -3.2048), (-44.6513, -1.7458), (-45.3291, -1.7173), (-48.1151, -0.7375), (-49.6365, -2.6569), (-50.8949, -0.9376), (-52.6642, -1.5518), (-49.8989, 1.163), (-51.2199, 4.0936), (-51.6525, 4.0613), (-52.8993, 5.425), (-54.0542, 5.8079), (-55.8976, 5.6993), (-57.1821, 5.5289), (-58.415, 6.8512), (-58.8116, 7.7356), (-61.304, 8.4104), (-60.7925, 9.3607), (-62.0771, 9.975), (-62.7406, 10.0562), (-61.8795, 10.741), (-65.1291, 10.0701), (-68.3986, 11.161), (-70.004, 12.1779), (-71.4695, 10.9642), (-71.6195, 9.0479), (-71.9569, 11.5699), (-71.5975, 12.4344), (-74.4009, 10.7652), (-75.2479, 10.7833), (-75.6394, 9.4504), (-77.8308, 9.0681), (-81.0631, 8.8126), (-82.0779, 8.9349), (-83.1877, 14.3401), (-88.1311, 15.701), (-88.0853, 18.2261), (-88.0317, 18.8389), (-87.6877, 19.6371), (-90.1829, 21.1209), (-91.2752, 18.6245), (-92.441, 18.6753), (-95.8211, 18.7546), (-97.8578, 22.6245), (-97.7685, 27.4575), (-96.4211, 28.4573), (-96.2345, 28.489), (-94.5263, 29.5479), (-93.8905, 29.6894), (-92.2608, 29.5568), (-91.2901, 29.289), (-90.1591, 29.5372), (-89.7209, 29.6193), (-90.2253, 30.3793), (-88.0113, 30.6942), (-88.006, 30.2309), (-85.6035, 30.2868), (-83.6944, 29.926), (-82.8435, 27.846), (-82.29, 26.8708), (-81.8287, 26.6871), (-81.1105, 25.138), (-80.05, 26.8077), (-80.6942, 32.2157), (-80.6342, 32.5117), (-78.8415, 33.7241), (-77.9278, 33.9397), (-76.975, 35.0252), (-76.1738, 35.3541), (-76.0836, 35.6905), (-76.7336, 36.2291), (-75.5342, 35.8191), (-77.2509, 37.3292), (-76.4539, 37.2735), (-76.4925, 37.6822), (-77.0304, 38.8893), (-76.3412, 38.087), (-76.5704, 39.2693), (-75.6593, 37.954), (-75.0388, 38.4264), (-75.5242, 39.4902), (-74.0799, 39.7881), (-73.9699, 41.2497), (-72.9247, 41.2852), (-71.1686, 41.4894), (-70.0014, 41.8262), (-71.0462, 42.3311), (-70.1788, 43.7664), (-68.5325, 44.2586), (-66.987, 44.8277), (-66.4398, 45.0959), (-64.6327, 45.9466), (-63.368, 45.3648), (-64.4481, 45.3375), (-66.1257, 43.8138), (-63.6098, 44.48), (-62.7501, 45.6482), (-64.8314, 47.0608), (-66.7044, 48.0225), (-64.5677, 49.1048), (-68.8157, 48.366), (-73.1596, 46.0101), (-73.9738, 45.3451), (-69.775, 48.0981), (-69.6739, 48.1992), (-66.4955, 50.2119), (-56.976, 51.4577), (-56.0117, 52.3945), (-55.8028, 52.6432), (-57.3317, 53.4691), (-57.4161, 54.1627), (-57.9283, 54.1036), (-60.3954, 53.6533), (-59.8378, 54.814), (-59.7588, 55.3096), (-60.341, 55.7847), (-61.7131, 56.231), (-61.3716, 56.6808), (-62.4956, 57.4892), (-62.4862, 58.1541), (-63.5371, 58.3299), (-63.2484, 59.0683), (-63.9455, 59.3802), (-64.7685, 60.0121), (-65.0282, 59.7707), (-65.0382, 59.3879), (-65.3835, 59.0602), (-66.3624, 58.7912), (-67.756, 58.4046), (-69.0408, 57.9025), (-70.1543, 58.7606), (-69.6819, 59.3417), (-70.6548, 60.0262), (-71.4227, 61.1589), (-72.2159, 61.5873), (-72.7716, 61.8404), (-74.6326, 62.1157), (-78.0214, 61.8321), (-77.603, 60.8252), (-77.2892, 60.022), (-78.5059, 58.6491), (-77.7753, 55.2913), (-78.996, 54.0025), (-78.9816, 51.7746), (-79.297, 51.6228), (-80.1036, 51.2829), (-80.4433, 51.3886), (-81.5994, 52.4326), (-83.9106, 55.3146), (-85.218, 55.349), (-92.7981, 56.922), (-94.1232, 58.7367), (-94.9573, 59.0688), (-93.312, 61.7673), (-93.2054, 62.3649), (-92.5514, 62.5467), (-92.3613, 62.8194), (-92.4651, 63.5551), (-93.6963, 64.1472), (-90.1682, 63.9788), (-90.0417, 64.1409), (-91.4272, 65.9479), (-85.9587, 66.119), (-83.869, 66.2136), (-84.5385, 66.9728), (-81.2943, 67.4974), (-81.9579, 68.8836), (-82.7548, 69.4944), (-84.8676, 68.7733), (-87.3594, 67.1772), (-88.347, 68.2883), (-89.2795, 69.2555), (-90.479, 68.8812), (-92.8878, 69.6682), (-92.5119, 70.1039), (-92.9814, 70.8522), (-94.887, 71.9634), (-95.4062, 71.4917), (-96.5489, 70.8087), (-95.9649, 69.8028), (-94.0836, 69.1231), (-93.8524, 69.0003), (-95.6505, 67.7375), (-96.0369, 66.9375), (-96.4226, 67.0518), (-95.9703, 68.2491), (-98.6505, 68.3635), (-97.4549, 67.617), (-98.4121, 67.8072), (-104.487, 68.0632), (-108.718, 68.2975), (-105.75, 68.5923), (-107.746, 66.9615), (-107.989, 67.2564), (-115.133, 67.8192), (-113.964, 68.3991), (-120.682, 69.5669)}, {(-180, -84.3516), (-156.459, -85.186), (-157.454, -84.9124), (-165.135, -84.4099), (-163.758, -84.3055), (-164.685, -84.1546), (-164.011, -84.0156), (-164.951, -83.8059), (-174.236, -82.7935), (-159.444, -83.5432), (-153.399, -82.5862), (-153.01, -82.4496), (-154.717, -81.9407), (-153.957, -81.7002), (-148.123, -80.9008), (-150.575, -80.3537), (-148.083, -79.8567), (-156.115, -78.7446), (-156.469, -78.6354), (-157.848, -78.0739), (-158.5, -77.7783), (-158.214, -77.1571), (-154.815, -77.127), (-149.718, -77.7975), (-148.844, -77.2837), (-148.572, -77.1051), (-145.677, -77.4881), (-145.808, -77.2732), (-145.516, -77.1992), (-145.967, -77.0687), (-145.75, -76.749), (-149.654, -76.3653), (-148.32, -76.1045), (-145.442, -76.4092), (-146.383, -76.0997), (-140.874, -75.7459), (-141.223, -75.5459), (-139.149, -75.1602), (-136.65, -75.1617), (-135.362, -74.6904), (-118.656, -74.3928), (-115.223, -74.4874), (-114.624, -73.9029), (-113.508, -74.0889), (-113.753, -74.3667), (-113.333, -74.4542), (-111.696, -74.7922), (-111.806, -74.2697), (-111.18, -74.1881), (-110.23, -74.5363), (-111.359, -75.2199), (-101.039, -75.4219), (-98.5579, -75.1897), (-100.473, -74.8724), (-100.013, -74.6621), (-101.252, -74.4857), (-98.8961, -73.6111), (-102.909, -73.2852), (-103.375, -72.8188), (-96.3942, -73.3012), (-90.9209, -73.3191), (-88.1941, -72.7875), (-88.4194, -73.229), (-85.8014, -73.1921), (-82.1835, -73.8568), (-81.3087, -73.7383), (-81.1764, -73.2488), (-80.4422, -72.9445), (-78.7862, -73.5067), (-76.8505, -73.4604), (-77.0489, -73.8441), (-68.8209, -73.1055), (-66.8277, -72.0904), (-68.708, -69.4322), (-66.9749, -69.161), (-67.3905, -68.8612), (-66.7934, -68.2404), (-66.6772, -67.5603), (-67.5445, -67.5347), (-67.4934, -67.1128), (-67.0345, -66.9451), (-66.4987, -67.2891), (-66.5036, -66.6898), (-65.7745, -66.288), (-65.2675, -65.9942), (-64.5143, -65.9596), (-64.6466, -65.7479), (-63.8181, -65.5315), (-63.7603, -65.0335), (-63.0591, -65.1394), (-63.1199, -64.9425), (-61.6318, -64.6047), (-60.8642, -64.0734), (-56.7818, -63.5717), (-58.263, -63.7634), (-59.0473, -64.2345), (-58.7861, -64.5242), (-59.9631, -64.4313), (-61.756, -65.5692), (-62.305, -65.8404), (-62.005, -66.1129), (-60.5654, -65.9794), (-61.0284, -66.3365), (-62.682, -66.2373), (-63.7525, -66.2777), (-64.0777, -66.6541), (-63.7547, -66.8729), (-64.6863, -66.8063), (-65.0269, -67.2141), (-65.5234, -67.4446), (-65.6395, -68.1306), (-64.8295, -68.1274), (-65.452, -68.3367), (-64.9965, -68.4078), (-64.0785, -68.7712), (-63.9245, -68.4977), (-62.9333, -68.4426), (-63.7734, -68.6318), (-61.9611, -70.1201), (-62.3778, -70.3648), (-61.9611, -70.9006), (-61.3128, -70.8676), (-60.9623, -71.2446), (-61.9588, -71.6578), (-61.2136, -71.5641), (-62.2566, -72.0176), (-60.7194, -72.0727), (-60.7303, -72.426), (-61.2861, -72.6008), (-60.0098, -72.9379), (-62.0083, -73.1477), (-60.7903, -73.7118), (-61.6917, -73.9238), (-61.0416, -74.122), (-61.8428, -74.2896), (-60.7043, -74.3071), (-61.8552, -74.7768), (-62.1378, -74.9264), (-63.1781, -74.6842), (-63.9247, -75.0045), (-63.2311, -75.1538), (-63.3634, -75.4515), (-70.2102, -76.6741), (-77.2871, -76.7017), (-75.3869, -77.4742), (-72.852, -77.5902), (-80.6016, -77.752), (-81.581, -77.8461), (-77.4524, -78.5604), (-80.2923, -78.8228), (-83.779, -77.9836), (-83.7627, -78.4611), (-80.892, -79.5019), (-80.1512, -79.2681), (-76.2177, -79.3872), (-76.0316, -79.6271), (-76.5579, -79.9035), (-76.4073, -80.0949), (-75.0756, -80.8601), (-70.6879, -80.6263), (-65.5737, -81.4605), (-62.3537, -81.5767), (-64.9196, -82.3705), (-60.5277, -82.1999), (-62.7356, -82.5273), (-61.2184, -82.9918), (-61.4253, -83.3956), (-53.9861, -82.2006), (-46.2581, -81.947), (-46.0464, -82.1587), (-46.5167, -82.4546), (-45.7886, -82.4949), (-43.6693, -82.2701), (-38.7717, -80.8823), (-37.2093, -81.0639), (-29.5315, -80.1818), (-23.5745, -79.9648), (-29.9493, -79.599), (-32.9942, -79.2288), (-36.2656, -78.6155), (-34.0758, -77.4254), (-28.9336, -76.3703), (-18.3046, -75.4313), (-17.4358, -74.3791), (-15.6725, -74.4073), (-14.5738, -73.9375), (-16.2201, -73.9157), (-15.9356, -73.7576), (-16.5188, -73.644), (-14.0001, -73.0006), (-14.2978, -72.733), (-11.497, -72.4129), (-11.0092, -71.7579), (-12.3513, -71.3897), (-10.0335, -71.1307), (-10.2706, -70.9357), (-9.2307, -71.174), (-8.6465, -71.6728), (-7.7137, -71.5465), (-5.9363, -70.7127), (-5.5879, -70.8567), (-6.1175, -71.326), (-1.0678, -71.2656), (-0.5432, -71.7127), (8.523, -70.4738), (9.1416, -70.1837), (11.7013, -70.7666), (13.0656, -70.0536), (13.8227, -70.3432), (16.3811, -70.1451), (19.0094, -70.2121), (19.0266, -70.674), (19.4093, -70.917), (21.0708, -70.8435), (21.705, -70.2585), (24.0241, -70.4134), (24.7567, -70.8921), (26.4988, -71.0195), (32.6213, -70.0006), (32.9894, -69.6242), (33.4656, -68.6707), (34.1929, -68.7024), (33.8137, -69.0993), (34.5959, -69.0945), (35.357, -69.6813), (37.7871, -69.7257), (40.2156, -68.8049), (46.399, -67.6176), (46.5597, -67.2682), (47.3516, -67.3619), (47.1172, -67.5727), (48.21, -67.6993), (48.3745, -67.9881), (49.2193, -67.2269), (48.4652, -67.0435), (50.553, -67.1943), (53.6718, -65.8587), (55.2904, -65.9542), (57.1854, -66.6133), (56.1459, -66.6261), (56.4797, -66.8592), (55.8027, -67.1993), (57.6274, -67.0141), (59.2508, -67.485), (69.5592, -67.7632), (69.9822, -68.4643), (69.5342, -68.7369), (68.9062, -69.3728), (69.0826, -69.8666), (68.1781, -69.8373), (67.268, -70.2731), (69.2502, -70.4311), (67.3221, -73.3003), (67.9714, -73.0856), (67.9714, -72.7506), (68.4198, -72.515), (69.5547, -72.3745), (71.7714, -70.8013), (73.3248, -69.8489), (75.6355, -69.8489), (77.8175, -69.0689), (79.0352, -68.1754), (83.3043, -67.603), (92.0734, -66.5079), (99.3701, -66.6482), (102.674, -65.8651), (109.463, -66.9087), (110.622, -66.524), (113.099, -65.7999), (115.635, -66.7712), (113.991, -67.2119), (114.027, -67.4412), (120.375, -66.9838), (119.133, -67.3707), (125.866, -66.3645), (127.541, -67.0511), (128.982, -67.0982), (130.12, -66.2915), (133.445, -66.0814), (135.352, -66.1271), (142.688, -67.0128), (143.73, -66.8768), (144.621, -67.1414), (143.977, -67.8646), (147.094, -68.3687), (150.936, -68.3585), (151.289, -68.8171), (153.082, -68.8568), (153.705, -68.7289), (155.52, -69.0244), (159.784, -69.5219), (161.424, -70.8268), (162.19, -71.0396), (162.022, -70.4398), (163.349, -70.6209), (167.569, -70.8103), (170.162, -71.6305), (170.436, -71.4188), (170.859, -71.8686), (170.03, -72.1155), (168.428, -72.3834), (169.829, -72.7288), (169.545, -73.0504), (166.453, -72.936), (167.709, -73.3942), (165.13, -73.3826), (164.813, -73.3968), (164.776, -74.0285), (165.409, -74.5586), (163.398, -74.3821), (160.911, -75.3347), (162.19, -75.4669), (162.816, -75.8462), (162.436, -76.1549), (162.825, -76.4636), (162.45, -76.9557), (164.492, -77.954), (163.978, -78.2238), (165.418, -78.0422), (167.049, -78.686), (162.639, -78.8978), (161.502, -78.6772), (161.952, -79.03), (160.874, -79.0497), (160.483, -79.2015), (160.646, -79.4269), (160.346, -79.6915), (159.872, -79.7898), (160.559, -80.0105), (158.574, -80.4234), (160.637, -80.4499), (160.83, -80.7299), (160.717, -80.9074), (160.47, -81.3406), (163.68, -82.1873), (161.283, -82.4899), (164.747, -82.3544), (167.658, -83.2722), (168.11, -83.362), (180, -84.3516)}, {(-51.2102, 68.4199), (-53.3832, 68.2974), (-52.6046, 68.7087), (-50.9457, 68.6827), (-51.2494, 68.7399), (-51.0849, 69.1283), (-50.2974, 69.1706), (-51.077, 69.2095), (-52.2546, 70.0589), (-54.5308, 70.6993), (-50.6821, 70.3969), (-51.7743, 71.0104), (-51.0189, 71.0013), (-53.0076, 71.18), (-52.8918, 71.4577), (-51.7699, 71.6717), (-53.4401, 71.579), (-53.1445, 71.8074), (-53.6521, 72.3626), (-53.9277, 72.3188), (-53.4625, 71.8936), (-53.963, 71.459), (-55.594, 71.5535), (-54.8401, 72.3561), (-55.2957, 72.3544), (-55.6017, 72.4535), (-54.7379, 72.8725), (-55.6686, 73.0079), (-55.2883, 73.3271), (-56.1041, 73.5582), (-55.8383, 73.7597), (-56.2254, 74.1291), (-57.2306, 74.1253), (-56.2555, 74.5268), (-58.5655, 75.3527), (-58.2497, 75.5067), (-58.5162, 75.6891), (-63.2913, 76.3521), (-68.3173, 76.0908), (-69.4841, 76.3992), (-71.1549, 77.0739), (-66.3895, 77.2803), (-66.2665, 77.5154), (-69.3514, 77.4671), (-70.5619, 77.7172), (-70.1145, 77.8414), (-72.8181, 78.1943), (-71.6513, 78.6231), (-65.8255, 79.1737), (-64.7923, 80.0006), (-64.1792, 80.0993), (-67.1932, 80.2801), (-64.5155, 81), (-61.436, 81.1336), (-61.1, 81.3961), (-61.2029, 81.7469), (-56.6151, 81.3629), (-59.268, 81.9821), (-54.5489, 82.3506), (-53.6713, 82.1641), (-53.5557, 81.6533), (-53.0412, 81.871), (-53.0226, 82.3217), (-49.5411, 81.9181), (-50.9899, 82.4602), (-50.0371, 82.4724), (-44.7295, 81.7798), (-44.3266, 82.4717), (-45.5565, 82.747), (-41.3573, 82.705), (-46.4782, 82.9519), (-43.1946, 83.2551), (-40.3568, 83.3322), (-38.1562, 82.9986), (-37.9348, 83.1607), (-38.7496, 83.3709), (-30.7029, 83.5934), (-25.7951, 83.261), (-32.0327, 82.9834), (-25.1234, 83.1596), (-21.5207, 82.5954), (-29.8874, 82.0548), (-25.1488, 82.0011), (-24.2931, 81.701), (-22.9401, 82.0305), (-21.1303, 81.9342), (-21.5039, 81.4375), (-19.6299, 81.6399), (-17.4561, 81.3977), (-16.1207, 81.7766), (-14.242, 81.8139), (-11.4255, 81.4806), (-16.7606, 80.5734), (-15.9373, 80.4276), (-16.4888, 80.252), (-20.1501, 80.0112), (-19.353, 79.7342), (-19.414, 79.3488), (-18.992, 79.1784), (-21.1337, 78.6586), (-20.9557, 78.555), (-21.7296, 77.7085), (-19.4904, 77.7189), (-20.6808, 77.619), (-18.4426, 77.2594), (-18.3373, 76.9212), (-22.6066, 76.6808), (-19.8629, 76.1207), (-19.3995, 75.4944), (-19.5264, 75.1802), (-22.2329, 75.1197), (-20.9858, 75.0744), (-20.8616, 74.6359), (-19.9849, 74.9752), (-19.2716, 74.3426), (-21.1294, 74.1109), (-21.9549, 74.2443), (-21.762, 74.4828), (-21.9826, 74.5675), (-22.1348, 73.9905), (-20.3673, 73.8482), (-20.6367, 73.4636), (-22.3469, 73.2692), (-25.5213, 73.8516), (-24.7783, 73.5399), (-26.0623, 73.253), (-27.2704, 73.4363), (-26.5418, 73.249), (-27.5616, 73.1385), (-24.1327, 73.4094), (-22.0363, 72.9185), (-22.2932, 72.1195), (-24.069, 72.4987), (-24.63, 73.0376), (-26.6576, 72.7158), (-24.7007, 72.5063), (-25.2037, 72.393), (-21.9597, 71.7447), (-22.4796, 71.3834), (-21.7522, 71.4783), (-21.5227, 70.5262), (-22.3841, 70.4624), (-22.437, 70.86), (-22.6907, 70.4373), (-23.3278, 70.451), (-24.5622, 71.2235), (-27.0872, 71.6266), (-25.6676, 71.2653), (-26.7179, 70.9505), (-28.3984, 70.9929), (-27.9793, 70.8395), (-26.5084, 70.3966), (-27.6289, 70.0282), (-27.3842, 69.9916), (-25.5299, 70.3532), (-22.2066, 70.1079), (-26.4829, 68.6759), (-30.9786, 68.0613), (-32.3274, 68.4373), (-32.1646, 67.9911), (-33.1082, 67.6582), (-34.6328, 66.4348), (-35.8672, 66.4414), (-35.6301, 66.1399), (-37.7542, 65.5931), (-38.0013, 65.7096), (-38.1566, 66.3856), (-37.7523, 66.2615), (-38.1399, 65.9035), (-38.5204, 66.0097), (-38.2034, 65.7117), (-40.1735, 65.5562), (-39.5779, 65.3408), (-41.0887, 65.0354), (-40.1822, 64.4799), (-41.581, 64.2983), (-40.6178, 64.1317), (-40.5504, 63.7252), (-41.3879, 63.0619), (-42.1745, 63.2088), (-41.6345, 62.9725), (-41.909, 62.7371), (-42.153, 62.5685), (-42.1102, 61.8572), (-42.5853, 61.7175), (-42.3236, 61.6817), (-43.0441, 60.5237), (-43.9227, 60.5954), (-43.1565, 60.3329), (-43.3201, 59.9281), (-44.3836, 59.8991), (-44.2244, 60.2735), (-44.6133, 60.0166), (-45.3792, 60.2029), (-44.7424, 60.6553), (-46.0466, 60.6157), (-45.8702, 61.2183), (-46.8745, 60.8164), (-47.7703, 60.9978), (-48.3864, 61.0047), (-49.2891, 61.5899), (-49.3803, 61.8902), (-48.8287, 62.0797), (-49.6238, 61.9986), (-49.5535, 62.2327), (-50.3192, 62.4732), (-49.7931, 63.0446), (-50.3901, 62.822), (-51.4688, 63.6423), (-51.5475, 64.0061), (-50.2607, 64.2143), (-51.682, 64.1647), (-51.4038, 64.4632), (-50.4921, 64.6932), (-50.1216, 64.7038), (-50.9606, 65.2011), (-50.7216, 64.7976), (-51.9226, 64.2188), (-52.5377, 65.3288), (-51.0919, 65.7758), (-52.5513, 65.4614), (-53.199, 65.594), (-53.1063, 65.9771), (-53.392, 66.0483), (-51.225, 66.8815), (-53.5388, 66.1394), (-53.4188, 66.6485), (-52.3869, 66.8812), (-53.8844, 67.1355), (-53.7986, 67.4182), (-50.6135, 67.5279), (-51.171, 67.6936), (-50.9688, 67.8066), (-52.3448, 67.8369), (-53.7352, 67.549), (-53.1516, 68.2078), (-51.5969, 68.0548), (-51.2102, 68.4199)}, {(-68.7212, 81.2612), (-61.2072, 82.3411), (-64.9049, 82.9008), (-68.1729, 82.6459), (-68.4693, 82.6534), (-66.4226, 82.9269), (-73.4407, 82.9458), (-72.6587, 82.7216), (-75.7449, 83.0472), (-77.1249, 83.0085), (-75.5656, 82.6085), (-76.0094, 82.5352), (-79.8863, 82.9385), (-80.1549, 82.9111), (-78.7488, 82.6794), (-81.0102, 82.7791), (-80.8097, 82.5864), (-82.4514, 82.4271), (-79.4249, 81.8544), (-84.8968, 82.4494), (-86.6156, 82.2186), (-85.0448, 81.9828), (-88.0632, 82.0965), (-91.6841, 81.6357), (-87.597, 81.5258), (-89.981, 81.1247), (-89.623, 81.0325), (-84.9412, 81.2862), (-89.2633, 80.9143), (-87.7117, 80.6562), (-83.2888, 81.1479), (-86.6154, 80.63), (-85.1458, 80.5211), (-81.007, 80.6549), (-76.8851, 81.4303), (-78.7162, 80.9517), (-76.863, 80.8648), (-82.987, 80.3226), (-80.1245, 79.6695), (-80.4759, 79.6063), (-83.7236, 80.229), (-86.4985, 80.2583), (-86.4208, 79.8452), (-83.5759, 79.0537), (-84.412, 78.9966), (-81.7501, 78.9758), (-86.8079, 78.7744), (-87.5518, 78.1766), (-85.9201, 78.3429), (-86.2178, 78.0812), (-85.5859, 78.1096), (-84.7832, 78.5276), (-84.9104, 78.2397), (-84.2227, 78.176), (-85.5476, 77.9277), (-84.8605, 77.4995), (-82.5953, 77.9921), (-83.6081, 77.4422), (-84.487, 77.368), (-86.7551, 77.8637), (-88.017, 77.7847), (-86.8123, 77.1849), (-88.5562, 77.0722), (-89.4998, 76.8268), (-89.5701, 76.4919), (-88.5458, 76.4209), (-88.4959, 76.7729), (-88.396, 76.4053), (-86.4537, 76.5849), (-84.2753, 76.3565), (-84.2238, 76.6753), (-82.2332, 76.4658), (-82.5298, 76.7233), (-80.9745, 76.4701), (-80.7997, 76.1736), (-78.2843, 76.5712), (-77.9987, 76.852), (-82.0568, 77.2965), (-81.2777, 77.3652), (-81.6591, 77.5254), (-78.4932, 77.3694), (-78.0762, 77.519), (-78.0126, 77.946), (-75.9696, 77.9931), (-75.1935, 78.3277), (-76.4161, 78.5115), (-74.4331, 78.7241), (-78.5816, 79.075), (-74.5323, 79.0527), (-76.8988, 79.5123), (-73.2011, 79.5966), (-74.6602, 79.8352), (-74.3945, 79.8741), (-71.3878, 79.7618), (-70.5591, 80.071), (-72.056, 80.1232), (-70.2649, 80.2336), (-70.7126, 80.5396), (-69.5507, 80.3833), (-64.7801, 81.4929), (-68.7212, 81.2612)}, {(-62.6241, 66.0163), (-62.382, 65.8333), (-62.6589, 65.6399), (-63.652, 65.6743), (-63.3375, 65.6167), (-63.6066, 64.9281), (-64.3457, 65.1724), (-64.2697, 65.4008), (-64.5551, 65.1166), (-65.4016, 65.764), (-64.4454, 66.3171), (-65.8257, 65.9969), (-65.6563, 66.2047), (-66.9863, 66.6275), (-67.3073, 66.5697), (-67.2254, 66.3103), (-67.8834, 66.4674), (-67.3504, 65.9297), (-68.7489, 66.2), (-68.2172, 66.0789), (-67.9368, 65.5649), (-67.118, 65.4404), (-67.3365, 65.3466), (-66.6974, 64.8152), (-65.4319, 64.7264), (-65.5293, 64.5048), (-65.0746, 64.4367), (-65.5803, 64.2938), (-64.6646, 63.2454), (-65.1918, 63.7643), (-64.6724, 62.922), (-65.1628, 62.9326), (-65.1085, 62.6265), (-67.8933, 63.7337), (-67.7226, 63.4228), (-68.8589, 63.7519), (-65.9802, 62.2089), (-66.2567, 61.8683), (-68.5359, 62.2556), (-71.5013, 63.1264), (-71.9922, 63.4162), (-71.3809, 63.5803), (-72.4984, 63.8235), (-73.4545, 64.3993), (-73.2713, 64.5825), (-74.0648, 64.4247), (-74.6814, 64.8307), (-74.9194, 64.7655), (-74.6947, 64.4966), (-76.8562, 64.2376), (-78.1746, 64.6177), (-77.3267, 65.4531), (-75.8283, 65.2271), (-75.4521, 64.8416), (-75.7987, 65.2975), (-73.5508, 65.4853), (-74.4164, 66.1671), (-72.22, 67.2543), (-73.2845, 68.357), (-73.8205, 68.3629), (-73.8516, 68.7014), (-74.4224, 68.5799), (-74.9104, 68.8231), (-74.8549, 69.0658), (-76.5851, 68.6987), (-76.5572, 69.0095), (-75.6478, 69.2125), (-79.0664, 70.6036), (-79.4052, 70.4007), (-78.8098, 70.1786), (-79.0929, 69.9253), (-81.652, 70.0946), (-80.9217, 69.7309), (-85.78, 70.0367), (-86.322, 70.1454), (-86.3969, 70.4653), (-87.9007, 70.2519), (-89.4559, 71.0617), (-87.1401, 71.0116), (-89.6933, 71.4235), (-90.0252, 71.9488), (-88.7052, 73.4033), (-84.9468, 73.7216), (-86.6678, 72.7625), (-86.2185, 71.8991), (-85.0234, 71.3532), (-86.5497, 70.9888), (-84.8703, 71.0018), (-84.6994, 71.6314), (-85.9116, 71.9865), (-85.3219, 72.2332), (-84.2837, 72.0445), (-85.6499, 72.7222), (-85.3876, 72.945), (-84.2743, 72.8364), (-85.4547, 73.1055), (-82.8433, 73.7154), (-81.6054, 73.696), (-80.6035, 73.1212), (-80.2747, 72.7456), (-81.2293, 72.3117), (-80.6115, 72.4508), (-80.9251, 71.9077), (-79.8844, 72.1772), (-80.1089, 72.3322), (-79.8313, 72.4463), (-78.5851, 71.8806), (-78.8627, 72.1008), (-78.6993, 72.3514), (-77.5165, 72.1778), (-78.4843, 72.4706), (-77.7532, 72.7248), (-75.7043, 72.5715), (-75.0398, 72.2696), (-75.9228, 71.7172), (-74.9032, 72.1005), (-74.2093, 71.9787), (-75.2048, 71.7091), (-74.7008, 71.6756), (-74.9962, 71.2181), (-73.8141, 71.7714), (-74.1973, 71.4042), (-73.7128, 71.5876), (-73.1806, 71.2829), (-73.2782, 71.538), (-72.902, 71.6778), (-71.1865, 71.2787), (-72.6327, 70.8308), (-70.6727, 71.0522), (-71.8902, 70.4315), (-71.2759, 70.5003), (-71.4294, 70.1278), (-70.0847, 70.8295), (-68.4467, 70.5941), (-70.0577, 70.0426), (-68.7782, 70.2036), (-69.0083, 69.979), (-67.8553, 70.2818), (-67.1928, 69.7568), (-69.2508, 69.5119), (-66.6793, 69.1911), (-69.0406, 69.098), (-67.7517, 69.0387), (-67.8832, 68.784), (-69.3427, 68.8694), (-66.7139, 68.4457), (-67.033, 68.3261), (-66.9231, 68.0657), (-66.2124, 68.2804), (-66.5265, 67.8512), (-65.9424, 68.0709), (-65.4013, 67.6749), (-64.9769, 68.0434), (-65.0211, 67.7875), (-63.8502, 67.5661), (-64.5893, 67.3155), (-63.0401, 67.235), (-63.7016, 66.8224), (-62.1236, 67.0467), (-61.2997, 66.6487), (-62.1233, 66.6431), (-61.5708, 66.3729), (-62.5531, 66.4068), (-61.9916, 66.0353), (-62.6241, 66.0163)}, {(129.569, -31.6272), (127.32, -32.2641), (125.917, -32.297), (124.244, -33.0152), (123.507, -33.9162), (119.854, -33.9747), (117.863, -35.055), (116.517, -34.9879), (115.128, -34.3418), (114.994, -33.5153), (115.359, -33.6399), (115.683, -33.1929), (115.698, -31.6945), (115.078, -30.5604), (114.857, -29.143), (113.185, -26.1822), (113.836, -26.5006), (113.451, -25.5991), (113.724, -26.1298), (114.216, -26.2895), (113.418, -24.4356), (113.958, -21.9392), (114.142, -22.4831), (114.709, -21.8234), (116.707, -20.6538), (117.406, -20.7212), (120.998, -19.6044), (122.345, -18.1119), (122.261, -17.1357), (122.971, -16.4368), (123.563, -17.5209), (123.874, -16.9187), (123.49, -16.4907), (123.607, -16.224), (124.772, -16.4026), (124.405, -16.2989), (124.648, -15.8702), (124.44, -15.4936), (125.063, -15.4423), (124.839, -15.1607), (125.356, -15.1198), (125.179, -14.7147), (125.628, -14.2566), (125.662, -14.5295), (126.021, -14.4945), (126.054, -13.9772), (126.57, -14.1609), (126.903, -13.7441), (127.458, -14.0314), (128.18, -14.7116), (128.069, -15.3293), (128.576, -14.7745), (129.635, -15.1397), (129.849, -14.8289), (129.379, -14.3925), (130.623, -12.4311), (130.867, -12.5578), (131.292, -12.0679), (131.438, -12.277), (132.713, -12.1234), (132.674, -11.649), (131.962, -11.1809), (135.03, -12.1937), (135.923, -11.8258), (135.704, -12.2099), (136.082, -12.4225), (136.54, -11.9576), (136.947, -12.3499), (136.461, -13.2252), (135.927, -13.3043), (135.954, -13.9349), (135.453, -14.9231), (138.245, -16.7184), (139.01, -16.8993), (139.248, -17.3286), (140.511, -17.6245), (141.412, -16.0695), (141.473, -13.7976), (141.614, -12.9435), (141.93, -12.7398), (141.689, -12.3511), (142.168, -10.9466), (142.545, -10.7073), (142.873, -11.8214), (143.179, -11.9545), (143.756, -14.3488), (144.473, -14.2318), (145.288, -14.9432), (145.426, -16.4062), (145.912, -16.9125), (146.383, -18.9771), (148.759, -20.2896), (149.704, -22.4405), (149.974, -22.5507), (150.021, -22.1684), (150.541, -22.5591), (150.623, -22.3673), (150.843, -23.458), (151.832, -24.1229), (153.165, -25.9642), (153.117, -27.1944), (153.617, -28.673), (152.944, -31.4349), (152.47, -32.4391), (151.292, -33.581), (150.195, -35.8336), (149.933, -37.5285), (147.877, -37.9342), (146.857, -38.6635), (146.218, -38.7274), (146.4, -39.1455), (145.397, -38.5354), (145.476, -38.2437), (144.718, -38.3403), (145.12, -38.0913), (144.891, -37.8998), (143.539, -38.8209), (141.424, -38.3635), (139.784, -37.2458), (139.729, -36.3714), (138.969, -35.5808), (139.29, -35.6113), (139.282, -35.3754), (138.184, -35.6127), (138.511, -35.0244), (138.089, -34.1698), (137.692, -35.143), (136.884, -35.2397), (137.014, -34.9158), (137.391, -34.9133), (137.932, -33.5791), (137.783, -32.5781), (137.237, -33.6295), (135.891, -34.6609), (135.97, -34.9818), (135.123, -34.5857), (135.45, -34.5811), (135.219, -33.9598), (133.787, -32.2688), (131.144, -31.4957), (129.569, -31.6272)}, {(140.661, -8.8468), (139.983, -8.1665), (140.117, -7.9237), (138.891, -8.2378), (139.088, -7.5872), (138.748, -7.2515), (139.177, -7.1904), (138.601, -6.9365), (138.865, -6.8584), (138.34, -5.6757), (137.28, -4.9454), (135.196, -4.4507), (134.68, -4.0791), (134.887, -3.9385), (133.974, -3.818), (133.678, -3.4795), (133.841, -3.0548), (133.401, -3.899), (132.915, -4.0569), (132.751, -3.2946), (131.971, -2.7886), (132.725, -2.7891), (133.191, -2.4378), (133.7, -2.6246), (133.922, -2.1021), (132.308, -2.2423), (131.93, -1.5597), (130.996, -1.4247), (131.257, -0.8555), (132.508, -0.3475), (134.025, -0.7697), (134.195, -2.3091), (135.092, -3.3485), (135.487, -3.3451), (136.39, -2.2733), (137.911, -1.4838), (144.478, -3.8253), (145.767, -4.823), (145.745, -5.4024), (147.802, -6.3152), (147.81, -6.7036), (146.961, -6.9288), (148.127, -8.1036), (148.583, -9.0518), (149.198, -9.0312), (149.263, -9.4979), (150.011, -9.6882), (149.874, -10.013), (150.85, -10.236), (150.32, -10.6549), (147.769, -10.0701), (146.033, -8.0764), (144.51, -7.5674), (144.143, -7.7572), (143.655, -7.4604), (143.942, -7.9442), (143.518, -8.0007), (143.614, -8.2004), (142.207, -8.1958), (143.377, -8.7622), (142.647, -9.3278), (141.133, -9.2213), (140.661, -8.8468)}, {(-3.9885, 57.5812), (-1.8674, 57.6124), (-2.501, 56.6366), (-3.31, 56.3635), (-2.6743, 56.2534), (-3.7891, 56.0952), (-2.5993, 56.0273), (-1.6554, 55.5704), (-1.2324, 54.7037), (-0.0844, 54.1181), (0.1153, 53.6093), (-0.6599, 53.724), (0.271, 53.3355), (0.0459, 52.9056), (1.6567, 52.7537), (1.5914, 52.1198), (0.4245, 51.4656), (1.3976, 51.182), (0.2997, 50.776), (-2.9994, 50.7166), (-3.6798, 50.2399), (-5.6552, 50.0772), (-4.1882, 51.1885), (-3.136, 51.205), (-2.4331, 51.7407), (-3.2931, 51.3904), (-5.2623, 51.8802), (-4.1494, 52.3263), (-4.1015, 52.9155), (-4.6831, 52.8062), (-4.2686, 53.1445), (-2.7495, 53.3102), (-3.0646, 53.5128), (-2.8676, 54.1772), (-3.592, 54.5644), (-3.0362, 54.9531), (-5.1355, 54.8575), (-4.6768, 55.5013), (-4.8003, 56.1583), (-5.3834, 56.0192), (-5.7682, 55.3626), (-5.1884, 56.7581), (-5.6524, 56.532), (-6.1328, 56.718), (-5.5913, 57.1023), (-5.6655, 57.8235), (-5.1572, 57.8813), (-5.3383, 58.2387), (-5.0083, 58.2626), (-4.9756, 58.5803), (-3.0531, 58.6348), (-3.99, 57.959), (-3.9885, 57.5812)}, {(-91.755, 81.0493), (-94.1793, 81.3393), (-93.2356, 81.1289), (-95.2698, 81.0008), (-95.5147, 80.8381), (-93.9279, 80.5592), (-95.927, 80.7207), (-96.1518, 80.5535), (-95.5491, 80.3666), (-96.3941, 80.315), (-94.2626, 80.1949), (-96.7732, 80.1358), (-95.8575, 79.6738), (-94.4019, 79.7363), (-95.733, 79.4182), (-95.1032, 79.2899), (-91.2999, 79.3727), (-94.1697, 78.9728), (-91.8669, 78.5427), (-92.8482, 78.4601), (-91.4096, 78.188), (-89.4898, 78.1719), (-90.0371, 78.6068), (-88.8224, 78.1859), (-88.7416, 78.584), (-87.9829, 78.5371), (-88.2538, 78.672), (-88.0402, 78.9953), (-87.6174, 78.6763), (-85.0421, 79.2846), (-85.6479, 79.6114), (-87.2952, 79.5802), (-86.9772, 79.8942), (-87.9223, 80.0977), (-87.675, 80.3721), (-88.8573, 80.1662), (-89.2356, 80.5106), (-90.643, 80.5937), (-91.755, 81.0493)}, {(-87.5926, 74.4704), (-83.6219, 74.5659), (-83.3413, 74.7646), (-83.5221, 74.9015), (-81.8088, 74.4766), (-79.4014, 74.9176), (-80.382, 75.0342), (-79.5091, 75.2598), (-79.6602, 75.4495), (-81.2686, 75.756), (-88.9167, 75.454), (-89.646, 75.565), (-89.2776, 75.7951), (-91.4073, 76.2201), (-89.2845, 76.3016), (-91.4433, 76.4985), (-90.5426, 76.4958), (-91.1243, 76.6619), (-93.5346, 76.4477), (-93.2119, 76.7547), (-95.6382, 77.0638), (-96.8976, 76.7735), (-95.2739, 76.2644), (-93.0917, 76.354), (-92.1851, 75.8465), (-92.4083, 75.2973), (-91.5491, 74.6556), (-89.5587, 74.5547), (-88.535, 74.8317), (-88.5007, 74.5097), (-87.5926, 74.4704)}, {(20.7248, 78.6723), (21.3888, 78.7404), (20.611, 79.1066), (18.6778, 79.2617), (18.8152, 79.4267), (18.3974, 79.6052), (17.6687, 79.3859), (17.8346, 79.8), (16.3866, 80.0526), (15.8161, 79.6818), (16.3438, 78.9761), (14.8318, 79.7664), (13.9572, 79.3396), (12.5554, 79.5695), (13.9211, 79.7617), (13.6929, 79.861), (10.6821, 79.7583), (11.2081, 79.1296), (11.9783, 79.2927), (11.9818, 79.0253), (12.4033, 78.9532), (11.3654, 78.9504), (13.1502, 78.2375), (14.6383, 78.4146), (14.4318, 78.4925), (14.6893, 78.7209), (15.3842, 78.7712), (15.4174, 78.4732), (16.7826, 78.6636), (16.4486, 78.5036), (17.172, 78.4171), (13.6806, 78.0281), (14.0899, 77.7714), (16.9141, 77.898), (13.9957, 77.5082), (16.7005, 76.5793), (17.6233, 77.3994), (18.2987, 77.5786), (18.4393, 78.025), (19.6768, 78.6096), (20.7248, 78.6723)}, {(54.7101, 40.8911), (53.87, 40.6487), (52.9435, 41.0381), (52.7337, 40.3987), (53.0355, 39.7744), (52.9875, 39.9876), (53.4873, 39.9094), (53.6031, 39.547), (53.2356, 39.6085), (53.1566, 39.265), (53.8687, 38.9493), (53.9701, 36.8183), (51.762, 36.6145), (49.1712, 37.6006), (48.8545, 38.8388), (49.3628, 39.3496), (49.5512, 40.1941), (50.3659, 40.2795), (49.4567, 40.7999), (47.7277, 42.6807), (47.4632, 43.0351), (47.6465, 43.8846), (47.4628, 43.555), (46.7553, 44.6565), (47.4633, 45.6797), (48.7296, 45.8968), (49.3475, 46.5191), (51.178, 47.1102), (52.916, 46.9544), (53.1353, 46.1917), (52.7738, 45.5728), (53.2004, 45.332), (51.4157, 45.3579), (51.0094, 44.9218), (51.5436, 44.531), (50.4095, 44.624), (50.2525, 44.4065), (50.8308, 44.1928), (51.2954, 43.1741), (52.5966, 42.7602), (52.4676, 41.8859), (52.8504, 41.2003), (52.97, 41.9762), (53.7523, 42.1294), (54.7101, 40.8911)}, {(112.119, 2.9147), (111.209, 2.3796), (111.223, 1.3959), (109.629, 2.0275), (108.959, 1.1346), (109.13, -0.4454), (109.983, -1.2748), (110.256, -2.9661), (111.695, -2.8895), (111.858, -3.5519), (112.758, -3.3222), (113.034, -2.9335), (113.705, -3.4553), (114.344, -3.2352), (114.694, -4.1697), (115.956, -3.595), (116.549, -2.4108), (116.275, -1.7849), (116.74, -1.0442), (116.914, -1.2236), (117.562, -0.7709), (117.522, 0.2359), (117.912, 1.0987), (118.535, 0.8135), (118.985, 0.9821), (117.789, 2.0269), (118.067, 2.3178), (117.056, 3.6227), (117.777, 3.6893), (117.498, 4.1334), (118.548, 4.3792), (118.26, 4.9889), (119.132, 5.1005), (119.256, 5.3659), (117.974, 5.7062), (118.004, 6.0533), (117.501, 5.8847), (117.646, 6.4737), (117.129, 6.9689), (116.788, 6.6061), (116.776, 6.9902), (115.877, 5.6135), (115.419, 5.4132), (115.52, 5.0489), (114.013, 4.5752), (113.045, 3.2052), (112.119, 2.9147)}, {(133.142, 34.3024), (132.313, 34.325), (132.147, 33.8388), (130.919, 33.9757), (130.889, 34.2618), (132.923, 35.5113), (135.174, 35.7471), (135.795, 35.5495), (136.844, 37.3821), (137.323, 37.5221), (136.9, 37.1177), (137.246, 36.7532), (138.32, 37.2184), (139.802, 38.8816), (140.065, 39.6244), (139.742, 39.9209), (140.344, 41.2033), (141.119, 40.8823), (141.244, 41.2056), (140.801, 41.1388), (140.892, 41.4798), (141.456, 41.4047), (141.977, 39.4288), (141.468, 38.4042), (140.962, 38.1489), (141.002, 37.1146), (140.573, 36.2313), (140.874, 35.725), (140.355, 35.1814), (139.844, 34.9149), (140.097, 35.5852), (139.835, 35.6581), (139.675, 35.1493), (139.249, 35.278), (138.838, 34.6192), (138.72, 35.1241), (138.189, 34.5963), (137.062, 34.5828), (137.275, 34.7725), (136.871, 34.7331), (136.804, 35.0503), (136.533, 34.6784), (136.854, 34.3241), (135.695, 33.487), (135.128, 34.007), (135.355, 34.6543), (134.472, 34.7548), (133.142, 34.3024)}, {(-14.7882, 66.3314), (-15.1174, 66.1256), (-14.6982, 66.0202), (-14.8271, 65.7643), (-13.6179, 65.5193), (-13.5993, 65.0359), (-14.6282, 64.416), (-18.6536, 63.4067), (-21.106, 63.9398), (-22.6522, 63.8277), (-22.7012, 64.0832), (-21.4633, 64.3791), (-22.0534, 64.3139), (-21.5906, 64.6264), (-24.0262, 64.8634), (-21.8921, 65.0488), (-22.5091, 65.1968), (-21.8444, 65.4474), (-24.4757, 65.5252), (-23.2854, 65.75), (-23.8326, 65.8492), (-23.4525, 66.181), (-22.4417, 65.9083), (-22.9479, 66.2127), (-22.4844, 66.2663), (-23.1169, 66.3387), (-22.8892, 66.4406), (-21.4069, 66.0256), (-21.3749, 65.7419), (-21.6584, 65.7236), (-21.1297, 65.2666), (-20.8043, 65.6364), (-20.4548, 65.571), (-20.2075, 66.1001), (-19.4897, 65.7681), (-19.383, 66.0757), (-18.8459, 66.1839), (-18.1419, 65.7341), (-18.2972, 66.1574), (-17.5504, 65.9644), (-16.485, 66.1959), (-16.2493, 66.5229), (-15.5431, 66.2285), (-14.7882, 66.3314)}, {(119.772, -0.4836), (120.056, 0.6925), (120.965, 1.3118), (123.847, 0.8382), (124.989, 1.701), (125.234, 1.5023), (124.217, 0.3804), (120.579, 0.5283), (120.192, 0.2685), (120.063, -0.5556), (120.667, -1.3701), (121.148, -1.3395), (121.576, -0.8285), (123.171, -0.5707), (123.434, -0.7782), (121.356, -1.8782), (122.292, -2.9076), (122.253, -3.6204), (122.872, -4.392), (121.589, -4.7596), (121.618, -4.0927), (120.892, -3.5206), (121.052, -2.7517), (120.654, -2.6676), (120.261, -2.9493), (120.43, -5.591), (119.717, -5.6934), (119.36, -5.3142), (119.495, -3.5541), (118.922, -3.4827), (118.783, -2.7208), (119.322, -1.9297), (119.508, -0.9067), (119.844, -0.8619), (119.772, -0.4836)}, {(100.817, 2.1402), (101.046, 2.2575), (102.39, 0.842), (103.032, 0.5789), (102.55, 0.2165), (103.579, 0.3871), (103.787, 0.047), (103.439, -0.5756), (104.361, -1.0384), (104.845, -2.093), (104.651, -2.5952), (105.397, -2.3802), (106.044, -3.1063), (105.748, -5.8183), (104.64, -5.5204), (104.602, -5.9046), (101.649, -3.244), (100.289, -0.7988), (99.1592, 0.3518), (98.5953, 1.8646), (97.7008, 2.3585), (96.9689, 3.5751), (95.5786, 4.662), (95.2278, 5.5648), (97.5472, 5.2059), (98.3073, 4.0929), (99.7323, 3.1831), (100.888, 1.9482), (100.817, 2.1402)}, {(-70.5435, -72.6645), (-69.2093, -72.5342), (-68.2278, -71.7252), (-68.4595, -70.6829), (-70.417, -68.789), (-72.1352, -69.1766), (-71.7429, -69.4228), (-71.7285, -70.0537), (-69.6184, -70.398), (-71.19, -70.6596), (-69.8758, -70.876), (-69.8698, -71.1257), (-72.7104, -71.0729), (-73.0604, -71.127), (-72.2117, -71.3351), (-73.6045, -71.3508), (-73.479, -71.5787), (-74.2361, -71.3884), (-75.3827, -71.8279), (-73.9956, -72.1698), (-73.5371, -72.0224), (-73.776, -71.8489), (-72.2591, -71.6412), (-70.821, -71.9065), (-71.8976, -72.1208), (-71.6615, -72.2498), (-70.206, -72.2277), (-73.0574, -72.4476), (-70.5435, -72.6645)}, {(44.4047, -19.9221), (43.9436, -17.5814), (44.4425, -16.2437), (46.1575, -15.7383), (46.3996, -15.9246), (46.4751, -15.5135), (46.9423, -15.219), (47.0992, -15.4342), (47.352, -14.7661), (47.4783, -15.0094), (47.9642, -14.6726), (47.896, -13.7307), (48.7965, -13.2675), (48.7863, -12.4709), (49.2635, -12.0802), (49.9375, -13.0723), (50.4827, -15.3856), (50.209, -15.9604), (49.6644, -15.5216), (49.8391, -16.4865), (49.3629, -18.3363), (47.1773, -24.7872), (45.508, -25.5632), (44.0354, -24.9957), (43.2648, -22.3836), (43.5019, -21.3564), (44.4047, -19.9221)}, {(-52.6722, 47.6218), (-53.1698, 47.5121), (-52.921, 48.1471), (-53.8377, 47.7272), (-53.6382, 48.0146), (-53.8696, 48.0197), (-53.0208, 48.5716), (-54.1145, 48.3936), (-53.7063, 48.6555), (-54.1613, 48.7877), (-53.6194, 49.3216), (-54.5022, 49.5273), (-55.3532, 49.0794), (-55.2295, 49.5082), (-56.1402, 49.6191), (-55.5029, 49.9832), (-56.1794, 50.115), (-56.8222, 49.6135), (-55.8, 51.0333), (-56.0311, 51.3284), (-55.5216, 51.5964), (-57.0359, 51.0108), (-57.9262, 49.7008), (-57.7913, 49.49), (-58.2134, 49.3867), (-57.9905, 48.9879), (-58.4037, 49.0843), (-58.7165, 48.598), (-59.1677, 48.5585), (-58.3355, 48.5137), (-59.3621, 47.889), (-59.1169, 47.5707), (-54.7846, 47.6647), (-55.7885, 46.8672), (-54.4881, 47.4039), (-54.1918, 47.8598), (-53.8495, 47.4403), (-54.1737, 46.8804), (-53.5974, 47.146), (-53.5678, 46.6283), (-53.0319, 46.7228), (-52.6722, 47.6218)}, {(-116.856, 69.6497), (-116.102, 69.3372), (-113.694, 69.195), (-113.555, 68.7676), (-112.864, 68.4771), (-109.472, 68.6767), (-107.44, 69.0021), (-106.659, 69.4396), (-105.106, 68.9204), (-102.895, 68.8236), (-101.789, 69.1816), (-102.151, 69.4877), (-103.12, 69.2046), (-103.049, 69.4718), (-103.435, 69.6677), (-100.935, 69.7153), (-101.091, 70.1357), (-104.515, 71.0643), (-104.386, 71.577), (-105.813, 73.0106), (-108.029, 73.3487), (-108.238, 73.1058), (-107.306, 71.8947), (-107.813, 71.6262), (-108.755, 72.5511), (-110.002, 72.9818)}, {(58.6179, 74.2274), (58.5347, 74.4989), (59.674, 74.6102), (61.356, 75.3148), (68.1654, 76.2849), (68.9417, 76.7077), (67.535, 77.0078), (64.4635, 76.3782), (61.2017, 76.282), (58.8813, 75.8548), (57.6068, 75.3413), (55.8101, 75.1249), (56.4987, 74.9571), (55.5822, 74.6277), (56.1371, 74.4961), (53.7629, 73.7662), (54.2999, 73.351), (56.6342, 73.3043), (58.6179, 74.2274)}, {(-110.002, 72.9818), (-110.661, 73.0082), (-110.205, 72.6613), (-111.675, 72.3001), (-111.895, 72.3561), (-111.27, 72.7137), (-113.073, 72.9953), (-114.522, 72.5929), (-114.052, 73.071), (-114.638, 73.3727), (-118.374, 72.5339), (-118.213, 72.2629), (-118.945, 71.9855), (-118.952, 71.7317), (-117.742, 71.6593), (-118.227, 71.4671), (-117.936, 71.3921), (-115.303, 71.4937), (-118.376, 70.9677), (-117.587, 70.6295), (-113.757, 70.6907), (-111.633, 70.3088), (-117.163, 70.0925), (-116.856, 69.6497)}, {(-110.003, 75.5391), (-111.163, 75.5702), (-112.698, 76.2017), (-114.767, 76.5057), (-115.832, 76.2958), (-114.779, 76.1726), (-116.665, 75.9576), (-114.992, 75.8963), (-117.164, 75.6449), (-115.142, 75.6785), (-117.6, 75.2717), (-115.729, 74.9681), (-114.452, 75.0879), (-114.016, 75.4343), (-113.467, 75.4161), (-113.853, 75.2594), (-113.712, 75.0686), (-111.034, 75.2268), (-114.377, 74.6709), (-113.017, 74.4019), (-110.003, 74.851)}, {(-180, 68.9834), (-175.345, 67.6781), (-175.375, 67.3574), (-174.85, 67.3489), (-174.925, 66.6231), (-174.085, 66.4731), (-174.065, 66.2296), (-173.774, 66.4347), (-174.55, 67.0906), (-171.796, 66.9317), (-169.729, 66.0581), (-170.666, 65.6215), (-171.451, 65.7942), (-171.17, 65.5021), (-172.783, 65.6811), (-172.233, 65.4557), (-172.662, 65.2485), (-172.213, 65.0481), (-173.066, 64.8472), (-172.379, 64.4315), (-173.157, 64.2797), (-173.327, 64.5396), (-173.73, 64.3645), (-175.442, 64.8167), (-176.093, 65.471), (-178.412, 65.4956), (-178.939, 66.0328), (-178.527, 66.4016), (-179.683, 66.1841), (-179.79, 65.9009), (-179.352, 65.5167), (-180, 65.0672)}, {(-120.682, 69.5669), (-122.957, 69.8188), (-123.528, 69.3894), (-124.338, 69.3648), (-124.125, 69.69), (-124.555, 70.1512), (-125.525, 69.3516), (-127.991, 70.5738), (-128.17, 70.4185), (-127.684, 70.2604), (-128.853, 69.751), (-129.158, 69.8001), (-128.899, 69.9662), (-130.118, 69.7201), (-130.971, 69.2091), (-131.063, 69.4507), (-131.788, 69.432), (-132.719, 69.0792), (-132.706, 68.8149), (-133.418, 68.8443), (-129.538, 70.1052), (-130.666, 70.1271), (-134.174, 69.2528), (-133.88, 69.5077), (-134.409, 69.6818), (-135.91, 69.1115), (-135.231, 68.6943), (-136.444, 68.8951)}, {(-43.9472, -78.5976), (-43.7846, -78.3363), (-44.094, -78.1673), (-45.9932, -77.8269), (-49.0812, -78.0475), (-50.2196, -78.6053), (-50.7331, -79.2827), (-50.4016, -79.5117), (-52.2972, -80.1412), (-53.3939, -80.1088), (-54.3508, -80.7604), (-49.773, -80.7842), (-43.5279, -80.1914), (-43.7582, -80.0205), (-43.0659, -79.8914), (-42.9447, -79.5791), (-43.5443, -78.902), (-45.3523, -78.7912), (-43.9472, -78.5976)}, {(175.781, -36.8046), (176.038, -37.6007), (176.77, -37.8896), (178.536, -37.6921), (177.909, -39.2396), (177.077, -39.2218), (176.842, -40.1578), (175.31, -41.6106), (174.635, -41.2895), (175.162, -40.6216), (175.156, -40.1149), (173.764, -39.3188), (174.597, -38.7851), (174.928, -37.8045), (174.586, -37.0978), (174.929, -37.0848), (174.476, -36.9419), (174.189, -36.4923), (174.402, -36.602), (174.393, -36.24), (173.915, -35.9087), (174.055, -36.3598), (173.412, -35.5426), (173.626, -35.3191), (173.314, -35.4434), (172.706, -34.4552), (173.044, -34.4291), (173.285, -34.9806), (174.32, -35.2467), (174.802, -36.3095), (174.722, -36.8412), (175.461, -37.2167), (175.4, -36.5008), (175.781, -36.8046)}, {(-74.5131, 20.3846), (-80.6501, 23.1031), (-83.2578, 22.9676), (-84.8872, 21.857), (-84.031, 21.9431), (-82.738, 22.6893), (-81.8388, 22.6725), (-81.7104, 22.4967), (-82.0777, 22.3877), (-81.8494, 22.2137), (-78.7277, 21.5927), (-78.1164, 20.7619), (-77.2296, 20.6438), (-77.1038, 20.4075), (-77.7151, 19.8555), (-74.1537, 20.1686), (-74.5131, 20.3846)}, {(172.889, -43.1242), (174.243, -41.8131), (174.069, -41.4295), (174.37, -41.1037), (174.039, -41.2419), (174.303, -41.0195), (173.999, -40.9933), (173.798, -41.272), (173.947, -40.9241), (173.115, -41.2793), (172.83, -40.49), (171.486, -41.7947), (171.038, -42.8621), (168.367, -44.082), (167.026, -45.1236), (167.156, -45.4109), (166.734, -45.5436), (167.003, -45.7121), (166.493, -45.9639), (168.382, -46.6054), (169.687, -46.5517), (170.776, -45.8709), (171.241, -44.2642), (172.18, -43.896), (172.036, -43.7018), (173.066, -43.8746), (172.527, -43.4647), (172.889, -43.1242)}, {(-122.623, 74.4642), (-124.696, 74.3482), (-123.797, 73.7682), (-125.845, 71.9787), (-124.008, 71.6774), (-122.84, 71.0975), (-120.619, 71.5058), (-120.18, 72.2126), (-118.962, 72.6841), (-115.393, 73.502), (-117.515, 74.2317), (-119.118, 74.0155), (-121.315, 74.53), (-122.623, 74.4642)}, {(-9.5424, 51.6645), (-10.1208, 51.6007), (-9.5988, 51.8744), (-10.3411, 51.7989), (-9.9097, 52.1229), (-10.3826, 52.1691), (-8.7834, 52.6796), (-9.9166, 52.5697), (-8.9301, 53.2071), (-10.0913, 53.4128), (-9.5782, 53.8054), (-10.0564, 54.2578), (-8.5456, 54.2412), (-8.1334, 54.6408), (-8.7639, 54.6812), (-8.2746, 55.1463), (-7.6671, 55.2565), (-7.6587, 54.9709), (-7.3088, 55.3658), (-6.9617, 55.2379), (-7.1786, 55.0569), (-6.1292, 55.2174), (-5.7168, 54.8175), (-5.8786, 54.6413), (-5.5279, 54.6196), (-5.6068, 54.2726), (-6.3452, 53.9872), (-6.0274, 52.9271), (-6.325, 52.2467), (-9.8354, 51.4834), (-9.5424, 51.6645)}, {(142.335, 54.2807), (142.68, 53.6744), (141.852, 53.3895), (141.661, 52.2729), (142.207, 51.2226), (141.866, 48.7501), (142.182, 48.0134), (141.83, 46.4511), (142.077, 45.917), (142.578, 46.7008), (143.282, 46.559), (143.432, 46.0287), (143.581, 46.3607), (142.557, 47.7379), (143.105, 49.1988), (144.049, 49.2492), (144.714, 48.6403), (143.191, 51.9445), (143.325, 52.9631), (142.976, 54.141), (142.693, 54.4161), (142.335, 54.2807)}, {(26.8608, 80.16), (23.1146, 80.187), (23.3154, 80.4252), (23.008, 80.474), (22.4508, 80.4022), (22.2897, 80.0492), (19.7333, 80.4778), (19.7511, 80.2272), (19.1783, 80.3315), (19.3434, 80.1164), (17.9169, 80.1431), (18.856, 80.0366), (18.2554, 79.9292), (18.725, 79.7607), (20.7841, 79.7486), (19.6746, 79.5912), (20.1282, 79.4896), (23.9478, 79.1943), (27.1986, 79.9066), (26.8608, 80.16)}, {(-96.869, 72.687), (-97.6363, 73.0276), (-98.4309, 72.9581), (-97.2725, 73.3868), (-97.6259, 73.5023), (-97.0017, 73.6665), (-97.1705, 73.8249), (-100.002, 73.9459), (-100.985, 73.7653), (-100.522, 73.4493), (-101.523, 73.4864), (-99.8251, 73.2139), (-100.536, 73.1979), (-100.128, 72.9067), (-101.273, 72.7217), (-102.204, 73.0773), (-102.714, 72.7829), (-98.6629, 71.3021), (-98.1986, 71.4409), (-98.3227, 71.8523), (-97.5823, 71.6297), (-96.6134, 71.8338), (-96.8015, 72.3224), (-96.4456, 72.5524), (-96.869, 72.687)}, {(122.294, 18.2343), (122.152, 17.6644), (122.5, 17.058), (121.399, 15.2666), (121.912, 14.0204), (122.627, 14.3175), (123.102, 13.7502), (123.32, 14.0617), (123.858, 13.7996), (123.55, 13.6458), (123.785, 13.1105), (124.143, 13.0358), (124.06, 12.5671), (122.595, 13.9076), (122.6, 13.1941), (121.778, 13.9376), (121.344, 13.6491), (120.637, 13.8045), (120.941, 14.6451), (120.584, 14.8812), (120.439, 14.4534), (120.082, 14.8511), (119.773, 16.2551), (120.389, 16.1609), (120.6, 18.5079), (121.948, 18.2852), (122.221, 18.5006), (122.294, 18.2343)}, {(-65.7471, -54.6534), (-67.2942, -54.0498), (-68.4885, -53.2609), (-68.2401, -53.0818), (-68.5712, -52.6949), (-69.4141, -52.4862), (-70.3801, -52.752), (-70.1306, -52.9428), (-70.4603, -53.2062), (-69.3936, -53.3734), (-70.1511, -53.8881), (-69.0452, -54.4284), (-70.2434, -54.3477), (-70.6298, -54.0056), (-70.3797, -53.9867), (-70.5313, -53.6273), (-70.8631, -54.1104), (-70.311, -54.5285), (-70.7973, -54.3272), (-71.9277, -54.5287), (-66.5111, -55.0321), (-65.179, -54.6781), (-65.7471, -54.6534)}, {(-97.8628, 75.7381), (-97.5243, 76.1387), (-97.7259, 76.4961), (-98.7108, 76.6938), (-98.8903, 76.4656), (-100.891, 76.4755), (-99.5411, 76.1463), (-100.113, 76.1172), (-99.7749, 75.9274), (-101.859, 76.439), (-102.138, 76.2849), (-100.973, 75.7984), (-102.145, 75.875), (-102.797, 75.5997), (-99.1946, 75.6984), (-100.731, 75.3465), (-100.146, 75.2461), (-100.484, 75.1884), (-100.234, 75.0077), (-98.5687, 75.0093), (-97.336, 75.4198), (-97.8628, 75.7381)}, {(110.607, -8.1494), (113.253, -8.2867), (114.599, -8.7272), (114.383, -7.7711), (113.014, -7.6577), (112.539, -6.9265), (110.972, -6.4356), (110.426, -6.9473), (109.294, -6.867), (107.332, -5.9781), (106.075, -5.9142), (105.243, -6.778), (106.52, -7.0537), (106.535, -7.3942), (110.607, -8.1494)}, {(143.686, 75.8637), (141.485, 76.1372), (140.657, 75.6341), (138.814, 76.1997), (137.625, 75.9882), (137.707, 75.7596), (137.269, 75.7494), (137.29, 75.3486), (136.948, 75.3255), (139.099, 74.6565), (139.681, 74.9641), (143.128, 74.9703), (142.199, 75.3927), (142.308, 75.6917), (142.942, 75.7133), (142.82, 75.2678), (144.02, 75.0447), (145.36, 75.5305), (143.686, 75.8637)}, {(145.214, 43.5782), (145.369, 44.3274), (144.715, 43.928), (143.759, 44.1316), (141.938, 45.5095), (141.594, 45.256), (141.761, 44.4825), (141.374, 43.2796), (140.392, 43.3031), (140.432, 42.9541), (139.891, 42.6492), (140.009, 41.5213), (141.151, 41.8051), (140.327, 42.2934), (140.481, 42.5594), (140.986, 42.3421), (141.851, 42.5791), (143.237, 42.0002), (143.969, 42.8814), (145.833, 43.3859), (145.341, 43.3025), (145.214, 43.5782)}, {(126.593, 7.5468), (126.14, 8.5957), (126.193, 9.2767), (125.471, 9.7568), (125.499, 9.0147), (124.869, 8.9723), (124.731, 8.563), (123.799, 8.0491), (123.849, 8.4327), (123.435, 8.7033), (122.243, 7.9451), (121.904, 7.0752), (122.142, 6.9497), (122.616, 7.7631), (123.391, 7.4075), (123.666, 7.8178), (124.207, 7.3964), (124.078, 6.4044), (124.927, 5.8753), (125.231, 6.0695), (125.347, 5.599), (125.668, 5.9787), (125.381, 6.6899), (125.689, 7.263), (126.189, 6.3097), (126.593, 7.5468)}, {(51.5825, 72.0712), (52.6221, 72.301), (52.9166, 72.6689), (52.5506, 72.7686), (53.3698, 72.9167), (53.3576, 73.2246), (56.3505, 73.2255), (56.1217, 72.8066), (55.4033, 72.5491), (55.2979, 71.9354), (56.4544, 71.1074), (57.6254, 70.7288), (56.2601, 70.7147), (56.4346, 70.563), (53.3836, 70.8735), (54.1557, 71.1255), (53.3639, 71.5417), (51.6916, 71.5251), (51.5825, 72.0712)}, {(-118.644, 76.4175), (-117.818, 76.8041), (-117.993, 76.4058), (-117.154, 76.298), (-115.946, 76.7113), (-116.253, 76.9014), (-115.81, 76.9391), (-116.329, 77.1371), (-115.47, 77.3086), (-116.511, 77.5476), (-119.09, 77.3051), (-122.903, 76.1347), (-122.4, 75.9442), (-120.813, 76.1793), (-120.365, 75.8248), (-119.538, 75.9822), (-119.58, 76.3265), (-119.081, 76.1241), (-118.644, 76.4175)}, {(-104.901, 79.0511), (-104.895, 78.8082), (-104.152, 78.9899), (-103.876, 78.9027), (-104.185, 78.7813), (-103.372, 78.7363), (-104.996, 78.5185), (-104.513, 78.2946), (-101.074, 78.1938), (-99.9559, 77.7938), (-98.9996, 77.9969), (-99.7782, 78.3251), (-99.6094, 78.5831), (-101.704, 79.0789), (-102.576, 78.8794), (-103.706, 79.3521), (-105.58, 79.1142), (-104.901, 79.0511)}, {(-80.6683, 63.9015), (-81.8871, 64.0164), (-81.6761, 64.2126), (-82.05, 64.6443), (-84.5011, 65.4584), (-84.9196, 65.2611), (-85.5547, 65.9187), (-86.0746, 65.5338), (-86.2521, 64.1369), (-87.1938, 63.6328), (-85.7689, 63.7003), (-85.3926, 63.1197), (-83.304, 64.1438), (-81.0464, 63.4616), (-80.2613, 63.802), (-80.6683, 63.9015)}, {(99.5173, 79.1302), (99.0418, 79.293), (99.6807, 79.3233), (100.061, 79.7771), (98.5965, 80.0522), (97.6517, 79.7606), (98.0178, 80.0229), (97.5868, 80.1683), (94.9873, 80.0968), (93.0708, 79.4953), (97.5555, 78.8266), (99.9293, 78.9614), (99.5173, 79.1302)}, {(-68.6848, 18.9048), (-70.8339, 19.8873), (-71.8347, 19.6967), (-72.8765, 19.9281), (-73.4384, 19.7221), (-72.7032, 19.4411), (-72.8111, 19.0716), (-72.3761, 18.5745), (-74.4781, 18.45), (-73.885, 18.0419), (-72.0599, 18.2286), (-71.439, 17.6356), (-70.7588, 18.3456), (-68.6588, 18.222), (-68.3392, 18.6115), (-68.6848, 18.9048)}, {(-59.4981, -80.115), (-60.5788, -79.741), (-61.6842, -80.0197), (-61.194, -80.2566), (-61.6333, -80.3441), (-66.7711, -80.2938), (-60.5828, -80.9481), (-59.8255, -80.7333), (-59.4981, -80.115)}, {(-99.7349, -72.033), (-100.219, -71.8329), (-102.314, -72.0811), (-98.1634, -72.5561), (-96.0518, -72.5772), (-95.5311, -72.2487), (-96.9789, -72.2219), (-96.125, -71.8955), (-96.3833, -71.8363), (-97.3452, -72.1891), (-97.5848, -71.8826), (-98.168, -72.123), (-98.1892, -71.82), (-98.6154, -71.7638), (-99.7349, -72.033)}, {(97.8699, 80.7633), (95.1596, 81.271), (93.0651, 80.9885), (92.5926, 80.7809), (93.2625, 80.7913), (91.5238, 80.3585), (93.8724, 80.0101), (97.1752, 80.241), (97.417, 80.3231), (97.1131, 80.6141), (97.8699, 80.7633)}, {(-91.088, 74.0093), (-94.9735, 74.0414), (-95.1341, 73.8812), (-94.691, 73.6714), (-95.6329, 73.6955), (-95.6021, 72.8845), (-95.193, 72.0274), (-94.1437, 72.0008), (-93.5339, 72.4995), (-94.2113, 72.7569), (-92.1179, 72.7538), (-90.3546, 73.8687), (-91.088, 74.0093)}, {(105.146, 78.8188), (103.801, 79.1493), (102.412, 78.8354), (103.098, 79.2991), (101.643, 79.3614), (99.2871, 78.0381), (104.742, 78.3397), (105.313, 78.4999), (105.146, 78.8188)}, {(-123.415, 48.6982), (-124.831, 49.5301), (-125.534, 50.3425), (-128.346, 50.7442), (-127.466, 50.5831), (-127.906, 50.4452), (-127.864, 50.1277), (-126.134, 49.6723), (-126.549, 49.4189), (-125.935, 49.4015), (-125.543, 48.9528), (-124.813, 49.2126), (-125.017, 48.7115), (-123.573, 48.3228), (-123.284, 48.4552), (-123.415, 48.6982)}, {(147.786, -43.22), (147.8, -42.9281), (147.298, -42.7909), (146.874, -43.6125), (146.043, -43.5472), (146.208, -43.3162), (145.803, -43.244), (145.268, -42.5443), (145.199, -42.2309), (145.527, -42.3882), (144.778, -41.4188), (144.719, -40.6723), (146.317, -41.1635), (148.215, -40.8549), (148.343, -42.2153), (148.214, -41.97), (147.786, -43.22)}, {(131.977, 32.8439), (131.897, 33.2546), (131.537, 33.2741), (131.696, 33.6028), (130.84, 33.9178), (129.58, 33.2363), (129.992, 32.8516), (129.679, 33.06), (129.769, 32.571), (130.34, 32.7019), (130.238, 33.1776), (130.547, 32.8316), (130.147, 31.4085), (130.589, 31.1785), (130.776, 31.7063), (130.686, 31.0151), (131.337, 31.4047), (131.977, 32.8439)}, {(24.2383, 77.8985), (22.2995, 78.2282), (22.0432, 78.577), (20.2279, 78.4778), (21.6531, 77.9235), (20.8731, 77.5653), (21.0499, 77.441), (22.6854, 77.5535), (22.427, 77.3159), (22.8018, 77.2758), (24.9019, 77.7566), (24.2383, 77.8985)}, {(152.197, -4.2852), (151.593, -4.2008), (151.671, -4.8833), (150.734, -5.5104), (150.183, -5.5236), (150.09, -5.0118), (149.831, -5.5241), (148.337, -5.6694), (149.653, -6.2904), (150.474, -6.2634), (152.077, -5.4583), (152.013, -5.0038), (152.4, -4.7313), (152.197, -4.2852)}, {(-110.003, 74.851), (-106.093, 75.0895), (-105.481, 75.7457), (-106.397, 76.0601), (-106.913, 75.6796), (-108.021, 75.8048), (-107.724, 75.9954), (-108.387, 76.0666), (-108.123, 76.2334), (-108.832, 76.8211), (-110.003, 76.4797)}, {(-160.25, -79.2715), (-163.124, -78.7191), (-164.282, -79.2455), (-160.807, -79.812), (-159.01, -79.7805), (-160.25, -79.2715)}, {(127.687, -0.0799), (127.42, 1.252), (128.036, 2.199), (128.012, 1.3317), (127.634, 0.9361), (127.881, 0.8321), (128.688, 1.5726), (128.703, 1.1064), (128.261, 0.7338), (128.9, 0.2163), (127.924, 0.4381), (128.425, -0.8927), (127.687, -0.0799)}, {(-66.7281, -78.3837), (-70.6259, -78.9016), (-71.7777, -79.5006), (-69.7317, -79.6184), (-66.7281, -78.3837)}, {(51.4548, 80.7447), (50.1243, 80.9239), (49.2443, 80.8214), (49.0878, 80.5158), (46.6444, 80.3003), (48.3862, 80.0958), (51.7036, 80.6876), (51.4548, 80.7447)}, {(81.832, 7.4284), (80.7111, 9.3664), (79.9823, 9.8127), (80.4283, 9.481), (80.0863, 9.5778), (79.713, 8.1823), (80.0953, 6.1532), (80.7241, 5.9791), (81.6374, 6.4251), (81.832, 7.4284)}, {(-95.5855, 68.8351), (-97.7907, 69.8616), (-98.2682, 69.7544), (-98.0414, 69.4566), (-98.546, 69.5729), (-98.5035, 69.3083), (-99.5641, 69.0341), (-96.5988, 68.4608), (-95.2678, 68.8261), (-95.5855, 68.8351)}, {(-80.7358, 73.4831), (-79.5005, 72.756), (-76.09, 72.8812), (-78.0629, 73.6477), (-80.6214, 73.7673), (-80.7358, 73.4831)}, {(150.69, 75.1553), (146.537, 75.5818), (146.149, 75.1983), (149.05, 74.7725), (150.58, 74.9189), (150.69, 75.1553)}, {(-96.603, 77.8493), (-95.087, 77.9926), (-95.3292, 78.225), (-94.8877, 78.3605), (-98.3326, 78.7735), (-98.0495, 78.3259), (-96.9447, 78.1519), (-97.6209, 78.0502), (-96.603, 77.8493)}, {(124.198, -9.2562), (123.709, -9.6148), (123.644, -10.3109), (124.427, -10.1486), (125.408, -9.2758), (127.296, -8.4245), (125.382, -8.5754), (124.198, -9.2562)}, {(-127.233, -73.5855), (-125.09, -74.1824), (-123.8, -74.0763), (-124.54, -73.7397), (-125.799, -73.802), (-125.264, -73.6664), (-126.065, -73.3148), (-127.268, -73.304), (-127.233, -73.5855)}, {(-110.004, 78.0896), (-113.283, 77.813), (-113.164, 77.5303), (-111.952, 77.3442), (-110.198, 77.5245), (-110.153, 77.7629), (-110.866, 77.8341), (-110.004, 77.929)}, {(15.3407, 38.2173), (13.7889, 37.9812), (12.7344, 38.1831), (12.4355, 37.8198), (15.1126, 36.6878), (15.0995, 37.4586), (15.6347, 38.2676), (15.3407, 38.2173)}, {(119.297, 10.751), (117.219, 8.3673), (119.687, 10.5003), (119.501, 11.3464), (119.297, 10.751)}, {(143.344, 73.5687), (141.932, 73.9149), (139.685, 73.4257), (143.491, 73.2464), (143.344, 73.5687)}, {(-52.1126, 69.4891), (-52.0453, 69.8072), (-54.0072, 70.2964), (-54.7862, 70.2178), (-54.3226, 69.9419), (-54.9191, 69.7136), (-53.825, 69.5403), (-54.1827, 69.4035), (-53.7543, 69.2602), (-52.1126, 69.4891)}, {(121.905, 25.0564), (121.517, 25.2769), (121.041, 25.0328), (120.132, 23.6529), (120.083, 23.0937), (120.743, 21.956), (121.905, 25.0564)}, {(-152.411, 57.6461), (-153.16, 57.972), (-153.904, 57.8199), (-153.688, 57.3051), (-154.116, 57.6512), (-154.712, 57.3663), (-154.339, 56.9209), (-154.244, 57.143), (-153.793, 56.9895), (-153.973, 56.7742), (-152.679, 57.3451), (-152.941, 57.4981), (-152.216, 57.577), (-152.411, 57.6461)}, {(47.011, 80.5621), (48.6865, 80.7178), (44.905, 80.6113), (47.011, 80.5621)}, {(166.942, -22.0901), (164.06, -20.1415), (165.242, -21.5255), (166.774, -22.3762), (166.942, -22.0901)}, {(54.634, 81.1132), (54.0666, 80.8136), (57.6941, 80.7923), (54.634, 81.1132)}, {(130.773, -3.4188), (130.379, -2.9894), (129.484, -2.7857), (128.198, -2.8659), (127.878, -3.2221), (127.92, -3.5061), (128.132, -3.1574), (128.517, -3.4491), (129.844, -3.3271), (130.805, -3.8577), (130.773, -3.4188)}, {(134.695, 33.9277), (134.637, 34.2266), (133.948, 34.348), (133.472, 33.9728), (132.935, 34.0953), (132.033, 33.34), (132.413, 33.4305), (132.495, 32.9166), (132.87, 32.7546), (133.632, 33.511), (134.182, 33.2472), (134.695, 33.9277)}, {(122.978, -8.152), (122.323, -8.6283), (120.61, -8.2404), (119.875, -8.4198), (119.808, -8.6977), (121.651, -8.8987), (122.82, -8.5957), (122.978, -8.152)}, {(-120.722, -73.752), (-123.346, -73.8431), (-122.625, -73.9655), (-122.938, -74.3021), (-122.287, -74.4031), (-120.272, -73.9892), (-120.722, -73.752)}, {(-160.467, -81.5895), (-163.951, -81.3909), (-160.467, -81.5895)}, {(-132.469, 54.9379), (-132.022, 54.7263), (-131.976, 55.2086), (-132.631, 55.4732), (-132.173, 55.4806), (-133.203, 56.3198), (-133.599, 56.3163), (-133.743, 55.9648), (-133.242, 55.9208), (-133.68, 55.7852), (-133.033, 55.5897), (-133.119, 55.3276), (-132.469, 54.9379)}, {(-93.4976, 75.1369), (-94.8782, 75.63), (-96.5996, 75.0318), (-93.9846, 74.6442), (-93.5472, 74.6911), (-93.4976, 75.1369)}, {(-48.3797, -0.3528), (-50.4616, -0.1574), (-50.781, -0.6898), (-50.6021, -1.6978), (-48.9289, -1.4823), (-48.3797, -0.3528)}, {(-110.004, 78.6867), (-113.293, 78.3344), (-110.004, 78.3217)}, {(110.971, 19.8833), (110.652, 20.1377), (109.263, 19.8827), (108.665, 19.3041), (108.702, 18.5353), (109.519, 18.2183), (110.02, 18.4163), (110.971, 19.8833)}, {(153.017, -4.1057), (150.825, -2.5729), (152.279, -3.5824), (152.892, -4.8324), (153.017, -4.1057)}, {(-59.8422, 45.9416), (-60.2979, 46.3112), (-60.6991, 45.7733), (-61.0921, 45.7484), (-60.4945, 46.2703), (-60.4891, 47.0097), (-61.4953, 45.9415), (-61.2363, 45.5725), (-59.8422, 45.9416)}, {(168.451, -77.3861), (166.716, -77.1617), (166.217, -77.5246), (166.729, -77.851), (169.353, -77.5247), (168.451, -77.3861)}, {(70.3202, -49.0586), (69.5424, -49.2557), (69.5928, -48.971), (69.0521, -49.0819), (69.0024, -48.6612), (68.7828, -49.6513), (70.1243, -49.7044), (70.3071, -49.5835), (69.7492, -49.4476), (70.3861, -49.434), (70.5555, -49.2015), (70.3202, -49.0586)}, {(-168.996, 63.3473), (-170.43, 63.6988), (-171.818, 63.5298), (-169.676, 62.9561), (-168.716, 63.3106), (-168.996, 63.3473)}, {(-93.1287, 77.6602), (-96.2766, 77.6306), (-93.8362, 77.4522), (-93.1287, 77.6602)}, {(9.682, 40.8181), (9.2284, 41.2571), (8.2242, 40.9133), (8.6485, 38.9266), (9.5625, 39.166), (9.682, 40.8181)}, {(119.044, -8.4567), (117.921, -8.0891), (117.766, -8.279), (118.206, -8.6521), (117.165, -8.3672), (116.768, -8.9555), (118.833, -8.8334), (119.044, -8.4567)}, {(57.4564, 81.5429), (55.466, 81.3112), (57.451, 81.1355), (58.5639, 81.4184), (57.4564, 81.5429)}, {(15.0953, 68.4414), (14.2575, 68.1908), (16.5474, 68.7166), (16.2756, 68.8683), (15.7604, 68.5612), (15.9653, 69.3021), (15.0953, 68.4414)}, {(-74.205, -70.9241), (-73.5503, -70.7234), (-74.9536, -70.5902), (-76.5115, -70.9908), (-74.205, -70.9241)}, {(62.1029, 80.8666), (59.7158, 80.8364), (59.2882, 80.5727), (61.0513, 80.4186), (62.0758, 80.6169), (62.1029, 80.8666)}, {(63.1158, 80.9668), (64.8021, 81.1973), (65.4374, 80.9307), (62.5203, 80.8219), (63.1158, 80.9668)}, {(-63.8849, 49.6577), (-63.0415, 49.225), (-61.6961, 49.139), (-63.0888, 49.7727), (-64.4852, 49.887), (-63.8849, 49.6577)}, {(-62.1636, 46.4872), (-63.7842, 46.4546), (-63.9936, 47.0616), (-64.4031, 46.6916), (-63.5689, 46.2092), (-62.9785, 46.3164), (-62.7432, 45.9669), (-62.1636, 46.4872)}, {(92.5928, 79.9965), (91.0703, 79.9815), (92.4406, 79.6755), (93.8031, 79.9045), (92.5928, 79.9965)}, {(26.1679, 35.2151), (23.7369, 35.6555), (23.5476, 35.4156), (24.7998, 34.9345), (26.1679, 35.2151)}, {(-25.4678, 70.7797), (-25.7268, 71.042), (-27.6172, 70.9138), (-28.0353, 70.4868), (-26.2179, 70.4541), (-25.4678, 70.7797)}, {(-132.347, 53.1892), (-131.957, 53.3087), (-131.668, 54.1414), (-132.535, 53.6517), (-132.262, 54.0763), (-133.048, 54.1589), (-132.898, 53.5627), (-132.425, 53.337), (-132.748, 53.3105), (-132.347, 53.1892)}, {(-75.3769, -72.8204), (-75.7311, -72.8793), (-75.2762, -73.0504), (-76.0904, -73.2028), (-74.3661, -73.4643), (-74.6677, -73.2753), (-74.2758, -72.9513), (-75.3769, -72.8204)}, {(-75.6759, 68.3225), (-76.7402, 68.2313), (-77.2242, 67.5082), (-76.6939, 67.2358), (-75.202, 67.4592), (-75.0781, 68.1731), (-75.6759, 68.3225)}, {(34.2724, 35.57), (32.9416, 35.3904), (32.3172, 34.9533), (33.0079, 34.5696), (34.0502, 34.9884), (33.942, 35.292), (34.5561, 35.6621), (34.2724, 35.57)}, {(-46.3992, 82.6921), (-47.3512, 82.5992), (-45.0674, 82.066), (-44.7764, 82.2424), (-46.3992, 82.6921)}, {(-33.9947, -79.2785), (-36.6008, -79.2827), (-33.9947, -79.2785)}, {(-59.5732, -51.6809), (-59.2681, -51.4275), (-60.5685, -51.3578), (-60.2452, -51.6389), (-60.5825, -51.7127), (-60.2385, -51.772), (-60.9614, -52.0573), (-60.5084, -52.1947), (-59.5732, -51.6809)}, {(-104.835, 73.6473), (-106.95, 73.5104), (-105.339, 72.9149), (-104.583, 73.3539), (-104.835, 73.6473)}, {(-180, 71.5377), (-178.439, 71.5412), (-177.499, 71.2191), (-180, 70.993)}, {(106.366, -2.4648), (105.91, -1.505), (105.138, -1.9727), (105.786, -2.1813), (105.999, -2.8249), (106.667, -3.0718), (106.819, -2.5733), (106.366, -2.4648)}, {(123.511, 10.923), (122.983, 10.8866), (122.856, 10.0869), (122.4, 9.823), (122.995, 9.0588), (123.32, 9.2729), (123.162, 9.8643), (123.511, 10.923)}, {(-102.58, 75.7802), (-102.008, 75.9394), (-102.728, 76.307), (-104.406, 76.1085), (-102.58, 75.7802)}, {(-134.1, 57.3001), (-133.937, 57.5816), (-134.307, 58.0344), (-133.827, 57.6176), (-133.965, 57.8738), (-134.923, 58.3546), (-134.487, 57.482), (-134.591, 57.092), (-134.1, 57.3001)}, {(-30.9851, -79.8185), (-32.0003, -79.7324), (-29.6145, -79.9096), (-30.9851, -79.8185)}, {(-66.7852, -79.608), (-67.8087, -79.5459), (-66.3195, -80.0751), (-65.5044, -79.9543), (-66.7852, -79.608)}, {(-35.8953, -54.5548), (-36.7038, -54.1081), (-38.0174, -54.008), (-36.0855, -54.8668), (-35.8953, -54.5548)}, {(125.627, 11.2339), (125.24, 12.5279), (124.295, 12.5693), (125.088, 11.2874), (125.736, 11.0496), (125.627, 11.2339)}, {(-68.3054, -55.3566), (-68.6133, -55.1556), (-68.458, -54.9597), (-69.8844, -54.882), (-69.988, -55.1308), (-68.0483, -55.6432), (-68.3054, -55.3566)}, {(-75.0315, -49.8362), (-74.7438, -49.4225), (-74.8108, -49.9297), (-74.4961, -49.8595), (-74.5666, -48.7548), (-74.8962, -48.7332), (-75.086, -49.2702), (-75.4675, -49.3589), (-75.5498, -49.7913), (-75.0315, -49.8362)}, {(-135.692, 57.4199), (-135.564, 57.6664), (-134.931, 57.4812), (-135.339, 57.7687), (-134.955, 58.0153), (-135.613, 57.9918), (-135.787, 58.2685), (-136.512, 58.096), (-135.692, 57.4199)}, {(-76.3499, 18.1519), (-77.8734, 18.5222), (-78.3395, 18.2872), (-77.205, 17.7149), (-76.2108, 17.9135), (-76.3499, 18.1519)}, {(57.3923, 80.1392), (57.0111, 80.4683), (59.2555, 80.3432), (57.3923, 80.1392)}, {(-79.7647, 55.8068), (-79.1821, 56.2122), (-79.1755, 55.8851), (-78.9632, 56.4217), (-79.2724, 56.6004), (-79.5363, 56.1801), (-79.4589, 56.5397), (-80.0008, 55.9321), (-79.4947, 56.115), (-79.7647, 55.8068)}, {(-68.9014, -67.7442), (-67.9885, -67.4744), (-68.2351, -67.372), (-67.6878, -67.1474), (-67.9684, -67.0322), (-67.7111, -66.633), (-69.0824, -67.4031), (-68.9014, -67.7442)}, {(148.812, 45.51), (147.924, 45.3833), (146.898, 44.4043), (148.812, 45.51)}, {(-74.1144, -43.3579), (-73.4363, -42.9365), (-73.7893, -42.5857), (-73.4708, -42.4663), (-73.5278, -41.8963), (-74.063, -41.8228), (-74.3874, -43.2316), (-74.1144, -43.3579)}, {(12.073, 54.9768), (12.5787, 56.0641), (10.9789, 55.7215), (11.8623, 54.7726), (12.073, 54.9768)}, {(49.2252, 69.5112), (48.4139, 69.3457), (48.3159, 68.9424), (48.9104, 68.7431), (50.283, 69.0889), (49.2252, 69.5112)}, {(60.3926, 69.9624), (59.048, 70.4605), (58.473, 70.2668), (59.7246, 69.7062), (60.4402, 69.7259), (60.3926, 69.9624)}, {(-57.7918, -51.6361), (-58.9175, -51.2721), (-59.6487, -52.1344), (-59.3957, -52.308), (-57.7918, -51.6361)}, {(-162.798, -82.8648), (-163.796, -82.8427), (-161.635, -83.027), (-162.798, -82.8648)}, {(-72.1019, 41.015), (-74.032, 40.6387), (-71.9032, 41.0607), (-72.1019, 41.015)}, {(-82.7064, 62.9445), (-83.3764, 62.9049), (-83.9031, 62.4025), (-83.0158, 62.2099), (-81.9486, 62.884), (-82.7064, 62.9445)}, {(123.103, 11.5415), (121.916, 11.8543), (121.954, 10.4444), (122.77, 10.8238), (123.103, 11.5415)}, {(180, -16.1529), (178.498, -16.7879), (179.928, -16.7444), (179.93, -16.5194), (179.564, -16.6369), (179.999, -16.1686)}, {(31.4819, 80.1079), (33.6293, 80.2174), (31.4819, 80.1079)}, {(120.7, -9.9031), (119.942, -9.3015), (118.959, -9.5193), (120.439, -10.294), (120.804, -10.1085), (120.7, -9.9031)}, {(93.016, 13.3362), (93.0623, 13.5455), (92.5339, 11.8734), (92.7008, 11.5125), (93.016, 13.3362)}, {(-131.116, 52.2191), (-131.972, 52.8798), (-131.635, 52.9222), (-131.754, 53.1956), (-132.547, 53.1375), (-131.116, 52.2191)}, {(124.052, 11.0288), (124.039, 11.2735), (123.332, 9.4229), (124.005, 10.4001), (124.052, 11.0288)}, {(-134.885, 57.2417), (-135.449, 57.5344), (-135.812, 57.0095), (-135.455, 57.2494), (-134.682, 56.2162), (-134.885, 57.2417)}, {(-72.4705, -54.0277), (-72.2054, -53.8074), (-72.4823, -53.5881), (-73.8455, -53.5458), (-73.2106, -53.9858), (-72.7638, -53.8648), (-72.9073, -54.1146), (-72.4705, -54.0277)}, {(-20.6003, -74.1969), (-20.5802, -73.6192), (-22.0354, -74.1065), (-20.489, -74.4927), (-20.6003, -74.1969)}}
coastlines = Zip(Polyline(Zip(GeoPoint(C, drawR), C, coords)), coords, coastCoords)
